100 97
11 6 77 8 45 45 55 95 0 11 32 71
3 52 69 54 37 91 47 44 89 57 24 20
19 22 20 37 85 74 95 27 40 40 72 3
12 4 78 6 46 43 56 93 1 9 33 69
47 65 48 80 16 20 26 70 68 83 3 46
96 19 65 21 33 58 43 11 85 24 20 84
2 60 3 75 68 15 78 65 23 78 55 41
51 9 52 24 20 61 30 14 72 27 7 87
4 49 5 64 70 4 80 54 25 67 57 30
73 65 42 67 10 7 20 57 62 70 94 33
1 30 2 45 67 82 77 35 22 48 54 11
71 47 72 62 40 2 50 52 92 65 27 28
61 78 30 80 95 20 8 70 50 83 82 46
78 1 79 16 47 53 57 6 2 19 34 79
54 19 23 21 88 58 1 11 43 24 75 84
35 60 36 75 4 15 14 65 56 78 88 41
26 34 92 36 60 73 70 26 15 39 47 2
4 5 5 20 70 57 80 10 25 23 57 83
76 33 77 48 45 85 55 38 0 51 32 14
48 69 49 84 17 24 27 74 69 87 4 50
89 47 90 62 58 2 68 52 13 65 45 28
22 29 88 31 56 68 66 21 11 34 43 94
95 75 96 90 64 30 74 80 19 93 51 56
86 91 55 93 23 33 33 83 75 96 10 59
20 26 86 28 54 65 64 18 9 31 41 91
27 62 93 64 61 4 71 54 16 67 48 30
94 70 63 72 31 12 41 62 83 75 18 38
8 46 9 61 74 1 84 51 29 64 61 27
50 73 19 75 84 15 94 65 39 78 71 41
15 74 81 76 49 16 59 66 4 79 36 42
38 66 7 68 72 8 82 58 27 71 59 34
48 2 49 17 17 54 27 7 69 20 4 80
8 14 9 29 74 66 84 19 29 32 61 92
12 51 13 66 78 6 88 56 33 69 65 32
32 2 33 17 1 54 11 7 53 20 85 80
60 5 29 7 94 44 7 94 49 10 81 70
25 68 91 70 59 10 69 60 14 73 46 36
76 33 45 35 13 72 23 25 65 38 0 1
54 48 23 50 88 87 1 40 43 53 75 16
65 28 34 30 2 67 12 20 54 33 86 93
87 72 88 87 56 27 66 77 11 90 43 53
19 42 85 44 53 81 63 34 8 47 40 10
90 44 59 46 27 83 37 36 79 49 14 12
75 39 76 54 44 91 54 44 96 57 31 20
35 44 4 46 69 83 79 36 24 49 56 12
87 35 56 37 24 74 34 27 76 40 11 3
70 11 71 26 39 63 49 16 91 29 26 89
8 18 9 33 74 70 84 23 29 36 61 96
85 47 54 49 22 86 32 39 74 52 9 15
79 88 48 90 16 30 26 80 68 93 3 56
62 67 20 54 85 91 84 29 40 57 72 20
15 86 70 73 38 13 5 35 90 76 25 39
53 4 11 88 76 28 43 50 31 91 63 54
71 94 29 81 94 21 61 43 49 84 81 47
66 69 24 56 89 93 56 18 44 59 76 22
66 1 24 85 89 25 56 47 44 88 76 51
35 17 90 4 58 41 57 76 13 7 45 67
33 47 88 34 56 71 23 93 11 37 43 0
89 38 47 25 15 62 14 0 67 28 2 88
31 34 86 21 54 58 21 80 9 24 41 84
42 6 0 90 65 30 32 52 20 93 52 56
66 19 24 6 89 43 56 65 44 9 76 69
23 61 78 48 46 85 45 23 1 51 33 14
89 10 47 94 15 34 14 69 67 0 2 60
25 92 80 79 48 19 47 54 3 82 35 45
21 40 76 27 44 64 11 86 96 30 31 90
34 47 89 34 57 71 24 93 12 37 44 0
18 67 73 54 41 91 40 29 93 57 28 20
24 13 79 0 47 37 14 59 2 3 34 63
50 44 8 31 73 68 72 6 28 34 60 94
96 95 54 82 22 22 86 44 74 85 9 48
0 43 55 30 23 67 87 89 75 33 10 93
0 84 55 71 23 11 87 33 75 74 10 37
87 49 45 36 13 73 12 11 65 39 0 2
8 20 63 7 31 44 95 66 83 10 18 70
32 77 87 64 55 4 22 26 10 67 42 30
86 19 44 6 12 43 76 65 64 9 96 69
19 89 74 76 42 16 41 51 94 79 29 42
36 26 91 13 59 50 26 72 14 16 46 76
83 62 41 49 9 86 8 24 61 52 93 15
40 90 95 77 63 17 62 52 18 80 50 43
27 64 82 51 50 88 17 13 5 54 37 17
3 12 58 96 26 36 25 71 78 2 13 62
81 71 39 58 7 95 6 33 59 61 91 24
42 9 0 93 65 33 64 68 20 96 52 59
83 7 41 91 9 31 8 66 61 94 93 57
37 74 92 61 60 1 27 23 15 64 47 27
58 69 16 56 81 93 48 18 36 59 68 22
0 73 55 60 23 0 22 35 75 63 10 26
71 92 29 79 94 19 93 54 49 82 81 45
33 76 88 63 56 3 23 25 11 66 43 29
96 79 54 66 22 6 86 28 74 69 9 32
54 13 12 0 77 37 76 72 32 3 64 63
25 78 80 65 48 5 47 40 3 68 35 31
54 78 12 65 77 5 44 27 32 68 64 31
18 96 73 83 41 23 8 45 93 86 28 49
48 15 6 2 71 39 38 61 26 5 58 65
37 13 92 0 60 37 27 59 15 3 47 63
76 42 34 29 2 66 66 88 54 32 86 92
53 4 11 88 76 28 43 50 31 91 63 54
14 31
