100 97
58 8 81 58 35 11 63 11 40 58 49 88
22 57 45 10 96 60 27 60 4 10 13 40
68 10 91 60 45 13 73 13 13 43 96 10
84 70 10 23 61 73 72 47 66 23 15 70
78 17 4 67 55 20 83 20 60 67 69 0
51 13 14 80 65 33 93 33 70 80 19 30
44 53 30 86 21 56 49 56 26 6 72 53
18 94 41 47 92 0 6 71 0 47 46 94
20 16 43 66 57 2 25 19 2 66 48 16
85 44 71 77 62 47 90 47 67 94 16 44
55 21 95 0 49 50 77 50 54 0 3 47
93 26 19 76 33 12 1 29 75 76 24 26
56 64 19 34 70 84 1 84 75 34 24 81
2 27 42 6 93 56 24 56 1 6 47 53
96 4 22 54 36 87 4 7 78 54 27 4
52 41 75 91 89 27 57 44 34 91 80 41
83 3 9 53 60 6 88 6 48 27 14 3
27 18 87 85 41 38 69 38 46 85 92 35
0 32 23 82 74 35 5 35 42 65 28 32
83 67 9 20 60 70 88 70 48 91 14 67
60 88 83 41 37 91 65 91 42 41 51 71
59 84 82 37 36 87 64 87 24 11 87 84
71 92 94 45 48 95 76 95 53 45 62 75
15 60 38 13 89 63 80 46 94 13 43 60
81 32 7 82 58 35 86 35 63 82 92 6
70 70 93 23 47 73 75 73 35 94 1 70
26 58 32 82 3 61 31 61 8 11 54 58
48 85 71 38 25 88 53 88 13 12 76 85
61 33 84 83 38 36 66 36 26 57 89 33
10 61 33 14 84 64 15 64 72 85 38 61
19 83 42 36 93 86 7 60 1 36 47 83
67 68 90 21 44 71 35 54 49 21 95 68
50 31 56 55 27 34 55 34 32 81 78 31
23 6 46 56 80 80 28 9 5 56 51 6
30 25 53 75 7 28 35 28 12 75 41 96
41 3 64 53 18 6 46 6 6 27 69 3
56 10 19 77 70 30 1 30 75 77 24 27
65 15 71 39 42 18 70 18 47 65 93 15
38 32 61 82 75 18 43 35 20 82 66 32
1 86 24 39 75 89 6 89 43 22 29 86
23 81 46 34 60 67 28 84 5 34 51 81
61 45 24 15 75 65 6 65 80 15 29 62
22 31 45 81 96 34 27 34 64 64 50 31
7 17 47 93 1 46 29 46 6 93 52 43
28 67 51 20 5 70 16 44 10 20 56 67
32 1 18 34 9 4 37 4 14 51 60 1
28 75 88 45 42 95 70 95 47 45 93 92
62 8 5 84 56 37 84 37 61 84 10 34
26 16 49 66 3 19 31 19 88 40 54 16
6 18 29 68 80 21 11 21 48 51 34 18
42 14 65 64 19 17 47 17 24 64 53 85
34 29 57 79 11 32 2 15 16 79 62 29
26 72 49 25 3 75 91 58 8 25 54 72
12 88 95 24 86 91 17 91 91 41 40 88
69 50 92 3 9 36 74 53 51 3 0 50
63 69 86 22 40 72 68 72 45 22 54 52
78 16 84 40 55 19 83 19 60 66 9 16
64 16 87 66 41 19 69 19 46 66 75 87
84 54 10 7 61 57 89 57 29 87 15 54
61 28 84 78 38 31 66 31 43 78 52 11
21 77 7 13 95 80 26 80 3 30 49 77
72 43 78 67 49 46 77 46 54 93 3 43
34 43 57 93 91 20 39 46 16 93 62 43
63 31 86 81 3 17 68 34 45 81 91 31
16 68 22 92 90 71 21 71 95 21 44 68
48 51 71 4 25 54 53 54 30 4 39 34
41 13 47 37 18 16 46 16 23 63 69 13
91 36 34 15 85 65 16 65 90 15 39 62
26 3 49 53 3 6 14 77 8 53 54 3
67 31 53 64 44 34 72 34 49 81 95 31
90 70 16 23 67 73 95 73 55 94 21 70
4 46 27 96 41 32 9 49 83 96 32 46
78 28 64 61 55 31 83 31 60 78 9 28
13 71 36 24 87 74 18 74 75 95 41 71
69 8 92 58 46 11 74 11 51 58 60 88
36 67 96 37 50 87 78 87 55 37 4 84
23 63 9 96 0 66 28 66 5 16 51 63
91 19 54 86 8 39 36 39 13 86 59 36
88 34 94 58 65 37 93 37 70 84 19 34
61 71 47 7 38 74 66 74 43 24 89 71
50 95 73 48 10 72 55 1 32 48 78 95
28 91 51 44 5 94 33 94 10 44 39 65
10 56 50 35 4 85 32 85 9 35 55 82
66 32 9 11 60 61 88 61 65 11 14 58
7 5 30 55 81 8 12 8 86 55 95 85
58 31 81 81 35 34 63 34 23 55 86 31
12 76 35 29 69 53 17 79 91 29 40 76
10 92 33 45 84 95 15 95 89 45 21 66
42 22 82 1 36 51 64 51 41 1 87 48
17 64 3 0 91 67 22 67 96 17 45 64
20 61 43 14 94 64 85 47 2 14 48 61
35 93 58 46 72 79 40 96 17 46 63 93
54 18 77 68 91 4 59 21 36 68 82 18
39 32 62 82 96 9 44 35 21 82 67 32
11 18 34 68 85 21 96 92 90 68 39 18
94 85 20 38 71 88 82 62 76 38 25 85
73 51 96 4 50 54 61 28 55 4 4 51
44 2 67 52 21 5 32 76 26 52 72 2
12 84 35 37 86 87 77 70 91 37 40 84
23 75 46 28 0 78 11 52 5 28 51 75
68 5
