100 97
17 96 80 0 94 88 45 78 0 96 65 86
26 62 89 63 6 54 72 63 88 43 74 52
2 41 83 61 79 33 30 23 64 22 50 31
6 51 69 52 4 62 34 33 68 32 54 41
44 30 10 31 27 50 72 12 9 11 92 20
17 66 80 67 15 77 45 48 79 47 65 56
51 11 17 12 49 22 79 90 16 89 2 1
5 58 68 59 3 69 33 40 67 39 53 48
81 2 29 81 43 72 91 62 28 61 14 70
71 66 37 67 51 58 2 48 39 75 22 56
13 56 76 57 90 48 44 66 75 37 61 46
93 76 59 77 73 68 24 58 61 85 44 66
51 40 96 22 13 13 61 3 95 2 81 11
73 64 36 37 50 28 1 18 35 17 21 26
78 56 44 57 58 48 9 38 61 56 29 46
9 82 72 83 86 74 37 64 89 82 57 72
70 60 36 61 53 80 1 42 35 41 21 50
36 41 96 14 13 5 61 92 95 91 81 3
51 81 17 82 31 73 0 82 16 62 2 71
16 3 79 4 93 92 44 82 78 81 67 21
31 43 94 44 11 35 77 44 93 24 79 33
43 6 9 7 23 95 71 85 8 84 94 24
20 77 83 78 0 69 48 59 82 58 71 95
76 6 42 7 56 95 25 7 41 84 27 93
91 1 57 2 71 90 22 80 56 79 60 10
57 44 23 45 37 36 85 26 25 53 8 34
47 48 13 49 27 40 93 49 12 29 95 38
59 15 43 35 39 7 87 94 24 93 10 5
72 77 38 78 52 69 3 59 37 58 41 86
37 6 3 7 17 95 65 85 5 15 85 93
54 13 20 14 34 5 82 92 19 91 23 22
1 80 64 81 78 72 29 62 63 61 52 1
6 18 69 19 83 10 37 28 68 96 54 8
34 72 0 73 32 83 62 54 96 53 82 62
18 76 81 77 95 68 46 58 83 85 66 66
50 78 16 79 30 70 78 60 18 87 1 68
78 57 44 58 58 49 9 39 43 38 32 75
79 7 45 8 59 96 10 86 44 85 33 25
90 65 56 66 70 57 21 47 55 46 59 74
1 88 64 89 96 2 29 70 63 69 49 78
28 35 91 36 8 27 56 17 93 44 76 25
39 11 5 12 22 31 67 90 4 89 87 1
55 36 21 37 35 28 83 18 20 17 24 45
12 84 78 16 89 76 40 66 74 65 60 74
67 78 33 79 65 89 95 60 32 59 18 68
96 17 65 46 76 9 27 96 61 95 47 7
80 59 43 32 57 23 8 13 42 12 28 21
31 89 94 90 11 81 77 90 93 70 79 79
82 72 48 73 80 83 13 54 47 53 33 62
62 6 28 7 42 95 90 85 30 15 13 93
29 49 92 50 12 69 57 31 91 30 77 39
15 90 75 63 89 54 40 44 74 43 60 52
6 18 69 19 83 10 34 0 68 96 72 27
29 9 92 10 27 20 57 88 91 87 77 96
67 20 33 21 50 40 95 2 32 1 18 10
82 79 48 80 62 71 31 80 47 60 33 69
77 56 43 57 57 48 8 38 45 65 28 46
32 70 1 2 12 62 60 52 94 51 80 60
94 88 60 89 74 80 25 70 59 69 48 9
75 95 41 96 55 87 6 77 58 95 26 85
76 53 42 54 56 45 7 35 41 34 45 62
82 72 48 73 62 64 13 54 65 72 33 62
38 26 4 27 18 18 66 8 3 7 89 44
63 7 26 77 40 68 88 58 25 57 11 66
79 61 63 81 59 53 10 43 44 42 30 51
63 77 29 78 61 88 91 59 28 58 14 67
8 18 71 19 88 38 36 0 70 96 56 8
25 81 88 82 5 73 56 91 87 62 73 71
77 79 43 80 57 71 11 89 42 60 28 69
47 5 13 6 45 16 75 84 12 83 95 92
46 18 12 19 26 10 74 0 11 96 0 36
53 45 19 46 33 37 81 27 21 54 4 35
63 60 29 61 43 52 12 61 28 41 14 50
86 60 52 61 66 52 35 61 51 41 37 50
52 87 18 88 32 79 83 0 17 68 3 77
10 85 73 86 87 77 38 67 72 66 61 6
96 81 62 82 76 73 27 63 79 81 47 71
77 93 43 94 57 85 8 75 45 5 28 83
35 36 19 56 15 28 63 18 0 17 83 26
92 82 58 83 75 5 23 64 57 63 43 72
43 68 9 69 23 60 71 50 26 68 91 58
87 11 35 90 49 81 0 71 34 70 20 79
64 25 48 45 44 17 92 7 29 6 15 15
71 80 37 81 51 72 2 62 36 61 25 1
96 3 59 73 73 64 24 54 58 53 44 62
12 14 72 84 86 75 37 65 71 64 57 73
15 29 75 2 89 90 40 80 74 79 60 88
28 57 88 30 5 21 53 11 87 10 73 19
70 82 54 5 50 74 1 64 35 63 21 72
88 13 72 33 68 5 19 92 53 91 39 3
33 90 78 72 92 63 43 53 77 52 63 61
19 3 64 82 78 73 29 63 63 62 49 71
88 70 57 2 68 62 19 52 53 51 39 60
88 53 57 82 68 45 19 35 53 34 39 43
48 47 17 76 28 39 76 29 13 28 96 37
81 31 65 51 61 23 12 13 46 12 32 21
39 93 23 16 19 85 67 75 4 74 87 83
65 78 34 10 45 70 93 60 30 59 16 68
16 49 82 78 93 41 44 31 78 30 64 39
49 12 18 41 29 4 77 91 14 90 0 2
11 24
