100 97
6 50 28 67 3 45 8 24 31 86 56 11
65 87 87 7 62 82 15 7 90 26 18 48
48 65 70 82 45 60 50 39 73 4 1 26
61 35 83 88 58 66 11 27 86 10 14 32
14 15 88 50 11 10 61 68 39 51 64 73
11 65 33 82 8 60 58 21 88 22 61 26
19 30 41 83 16 61 66 22 44 5 69 27
2 12 24 29 96 7 49 65 79 66 52 70
12 96 34 16 9 91 14 70 37 35 62 57
33 22 55 39 30 17 80 75 58 58 83 44
87 66 64 4 84 61 37 22 15 5 40 27
11 53 78 52 53 30 6 88 81 71 9 93
0 12 22 65 94 43 47 4 25 84 50 9
31 29 53 46 28 85 78 82 56 65 81 87
94 1 19 18 91 93 96 72 22 37 47 59
28 96 50 77 25 91 75 52 53 35 78 57
35 42 57 95 32 73 82 34 60 17 85 39
79 87 56 25 76 82 29 43 7 26 32 48
76 40 1 57 28 53 26 93 4 76 29 1
23 52 45 69 20 11 70 8 48 88 73 13
67 78 37 77 12 55 62 16 40 96 65 21
67 1 44 36 64 93 17 54 92 37 20 59
32 12 54 29 29 7 79 29 57 48 82 70
16 94 38 75 13 89 63 50 41 33 66 55
3 95 25 15 0 90 50 51 28 95 53 56
28 18 50 96 25 13 75 71 53 54 78 76
8 11 30 89 5 6 55 64 33 47 58 69
86 46 11 63 83 5 36 2 14 82 39 7
23 86 45 6 20 81 70 42 3 43 73 47
62 2 84 19 59 94 12 55 87 38 15 24
11 8 33 25 8 3 58 25 36 44 61 66
78 31 3 48 75 87 28 84 6 67 31 89
53 16 75 33 50 72 3 69 78 52 6 74
16 7 38 85 13 2 63 60 41 43 66 65
24 26 1 61 21 21 71 79 49 62 74 84
81 9 6 26 78 4 31 62 61 63 34 67
79 8 4 61 76 39 29 0 7 80 32 5
40 82 62 2 37 77 87 38 65 82 90 43
20 91 42 11 17 86 67 47 45 91 70 52
84 64 9 81 36 77 34 20 12 3 37 25
82 59 7 76 79 54 32 15 62 16 35 20
12 5 86 40 9 0 59 58 37 41 62 63
86 50 11 67 83 45 36 67 14 86 39 11
1 61 23 78 95 56 48 78 26 0 51 22
77 23 2 40 29 36 27 76 5 59 30 81
45 71 67 88 42 66 92 27 70 71 95 32
9 73 31 90 6 68 56 29 34 12 14 52
96 80 21 0 93 39 46 36 24 19 49 41
95 95 20 15 92 90 45 51 23 95 48 56
24 84 46 4 21 79 26 58 49 23 74 45
9 17 31 34 6 12 56 70 86 71 59 75
57 41 34 76 54 36 7 94 82 77 10 2
77 41 2 58 29 54 27 94 5 77 30 2
13 21 35 38 62 34 60 74 38 57 63 79
15 25 37 42 12 20 62 78 40 61 20 4
6 62 28 79 3 57 53 18 31 62 56 23
37 69 59 86 34 64 84 86 62 8 87 30
63 82 85 2 60 77 65 56 88 21 16 43
94 71 19 52 91 66 44 27 22 10 47 32
75 51 0 68 72 46 25 7 55 8 28 12
17 56 39 73 14 51 64 12 42 92 22 35
69 12 91 90 66 7 19 65 94 48 22 70
69 88 46 26 66 83 19 44 94 27 22 49
0 57 22 74 94 16 47 13 25 93 50 18
12 67 34 84 61 80 59 23 37 6 62 28
9 37 83 72 6 32 56 90 34 73 59 95
25 24 47 41 22 19 72 77 50 60 30 3
38 45 60 62 35 40 85 1 18 2 88 6
5 81 27 1 2 76 52 37 30 81 55 42
38 62 60 79 35 57 85 18 63 1 88 84
59 60 81 41 56 55 9 16 84 96 12 21
16 7 38 85 13 2 63 60 41 43 66 65
10 79 32 35 7 13 57 71 35 54 60 76
54 55 76 36 51 50 4 11 79 91 7 16
8 5 30 22 5 0 10 76 33 41 58 63
32 69 54 86 29 64 79 25 57 69 82 30
60 40 82 57 57 35 10 93 85 76 65 19
75 77 0 94 72 72 25 33 3 77 28 38
3 85 25 5 0 80 50 41 28 24 8 64
12 40 34 57 9 35 14 14 37 76 62 1
68 64 90 45 65 59 18 20 93 3 21 25
23 80 45 0 20 75 70 36 48 19 28 59
12 22 34 39 9 17 59 75 89 76 62 80
6 43 80 78 3 38 53 96 31 79 56 4
26 45 48 62 23 40 73 1 6 2 76 6
84 78 9 34 81 12 34 70 12 53 37 75
9 78 31 95 58 91 56 34 34 17 59 39
27 21 49 2 24 16 74 74 52 57 77 79
62 4 84 21 59 96 12 21 87 40 15 62
59 85 81 5 56 80 9 41 84 24 64 64
51 30 73 47 48 25 1 83 31 84 4 88
70 25 92 78 67 56 20 17 95 0 23 22
60 7 30 6 5 81 55 42 33 25 58 47
12 82 34 2 9 77 59 38 37 21 17 61
53 46 23 45 95 23 48 81 26 64 51 86
33 89 55 9 30 84 80 45 58 28 83 14
46 43 68 96 43 74 93 35 71 18 96 40
21 0 43 17 18 92 68 53 46 36 71 22
87 14 12 31 84 9 37 67 15 50 40 36
45 60 67 77 42 55 92 16 70 96 95 82
11 38
