100 97
82 8 16 78 23 15 96 76 65 6 4 44
72 91 6 64 13 1 86 62 17 11 48 55
2 66 71 20 78 54 54 18 23 45 16 11
9 61 94 59 4 93 77 57 46 84 39 50
19 0 50 70 57 7 33 68 2 95 38 36
29 10 60 80 29 36 43 78 12 8 5 71
73 22 7 92 14 29 87 90 56 20 92 58
4 40 35 13 42 47 77 30 84 38 77 4
38 82 26 80 33 17 9 78 75 8 68 71
64 21 57 13 5 28 78 89 47 19 40 82
27 78 58 51 65 85 41 49 10 76 46 17
92 79 69 27 33 86 9 50 75 77 68 43
30 24 61 94 68 31 44 92 13 22 49 60
9 42 78 93 85 30 61 91 30 21 23 84
16 29 47 2 16 55 30 0 96 27 89 90
71 13 48 58 12 20 85 81 54 11 47 74
33 6 64 76 71 13 9 93 16 4 9 67
70 36 4 9 11 43 30 79 53 34 46 0
93 67 27 40 34 74 53 13 76 65 69 31
48 88 20 42 27 76 3 40 69 67 62 33
34 45 65 18 72 52 48 16 76 62 10 9
61 29 92 2 2 36 37 19 44 27 37 90
31 95 3 49 10 83 83 47 52 74 45 40
28 26 16 24 23 58 96 22 65 49 58 15
32 82 63 55 70 89 89 28 15 80 8 46
52 39 83 12 90 46 66 10 35 37 87 22
36 71 13 19 74 78 50 42 19 69 12 35
96 67 30 40 37 74 13 38 25 40 72 31
40 54 71 27 78 61 54 25 23 52 75 37
55 14 86 84 93 21 15 57 38 12 31 75
34 37 65 10 72 44 48 8 17 35 53 73
2 21 71 72 78 9 54 70 23 0 16 63
23 40 0 85 61 47 37 11 6 38 96 4
80 17 14 87 21 24 94 85 9 87 56 78
79 85 67 83 74 20 50 81 19 11 12 74
10 89 41 62 10 18 24 60 90 87 83 53
40 42 71 15 78 49 54 13 66 15 16 6
51 48 28 93 89 55 65 19 34 46 27 12
51 66 39 64 46 1 22 62 88 89 81 55
40 32 71 5 78 39 54 3 82 49 16 93
18 57 87 11 94 45 70 9 39 36 32 2
1 26 32 96 39 33 15 94 81 24 36 9
9 21 40 91 47 28 82 11 89 19 82 82
32 85 63 58 70 92 8 75 15 83 8 49
88 54 22 27 72 36 5 25 71 52 64 18
35 91 66 64 73 1 49 62 18 89 54 30
53 90 84 63 91 0 67 61 36 88 88 73
54 7 85 77 54 33 68 75 37 5 30 68
85 29 19 2 85 55 2 0 68 27 61 90
3 91 34 64 41 1 17 62 83 89 22 30
20 90 51 63 58 0 34 61 3 88 55 73
50 64 81 37 34 46 64 35 33 62 26 28
56 56 87 29 94 63 16 2 39 54 32 20
65 58 96 31 6 65 79 29 10 75 41 22
28 73 59 46 66 80 42 44 11 71 63 56
79 89 13 62 63 71 93 60 62 87 55 53
11 9 96 7 6 41 79 5 48 32 41 95
32 49 63 22 32 75 46 20 15 47 8 13
24 78 55 51 62 85 0 68 7 76 0 42
59 32 52 24 0 39 73 3 42 30 35 93
1 34 32 7 39 41 15 5 81 32 36 17
51 60 82 33 89 67 65 31 34 58 86 43
95 43 29 16 79 25 12 14 78 41 71 7
9 23 78 74 85 11 61 72 30 2 23 65
14 70 2 68 9 5 82 66 51 93 44 59
5 95 36 68 86 77 19 66 85 93 78 59
70 52 4 25 11 59 84 23 96 25 46 16
82 19 16 89 23 26 58 9 65 17 58 80
50 10 43 2 88 17 64 78 33 8 26 71
53 5 84 75 91 12 67 73 36 3 88 85
0 16 31 86 38 23 57 59 80 14 73 77
37 65 68 38 75 72 94 11 20 63 13 29
49 42 80 15 49 68 63 13 32 40 25 6
62 42 34 93 41 30 17 91 83 21 76 84
54 58 85 31 38 40 68 29 37 56 30 22
38 22 69 92 76 29 52 90 21 20 73 5
25 78 56 51 63 85 39 49 8 76 44 17
63 61 94 34 4 68 23 7 46 59 39 25
58 69 51 61 96 76 72 40 41 67 34 33
95 91 88 83 36 1 12 62 78 89 71 55
82 43 16 16 23 50 42 86 65 41 58 7
6 85 37 58 87 67 20 56 86 83 79 49
10 77 95 75 5 12 78 73 47 3 40 66
11 46 42 19 49 53 25 17 53 63 84 10
76 84 10 57 60 66 90 55 59 82 52 48
80 93 14 66 21 3 94 64 9 66 56 57
0 60 31 33 38 67 14 31 42 77 73 24
32 25 63 95 70 32 89 68 15 23 8 86
91 36 79 34 86 68 62 32 31 59 24 25
19 32 50 5 57 39 92 22 2 30 92 93
38 14 69 84 76 21 95 57 21 12 14 75
73 50 7 23 14 57 87 21 56 48 11 33
49 39 37 37 44 71 20 35 86 62 79 28
37 14 68 84 75 21 94 57 20 12 13 75
43 23 74 93 43 49 57 91 26 21 19 84
58 92 51 84 96 2 72 63 41 90 34 56
56 31 87 4 56 57 70 2 39 29 32 92
87 30 64 75 28 37 4 1 70 28 63 91
17 92 48 65 1 74 31 63 0 90 90 56
2 39 76 84 40 46 16 10 82 37 75 3
84 30
