100 97
96 18 35 57 83 25 95 51 29 34 11 44
8 34 74 51 25 19 37 45 1 6 50 38
84 90 23 32 41 22 83 26 47 84 96 19
32 7 68 46 19 14 1 62 92 1 44 33
69 50 75 14 56 57 68 83 32 44 81 76
64 77 3 19 51 84 63 13 27 71 52 11
56 39 25 56 73 24 85 50 49 11 1 43
66 53 29 87 77 55 89 81 53 42 5 74
46 89 82 31 33 96 45 25 76 8 58 18
33 58 69 0 20 65 32 91 69 57 45 84
41 49 4 83 52 51 64 77 28 38 77 70
32 75 68 17 19 82 31 11 68 74 44 4
58 12 21 46 69 14 81 40 45 1 94 33
28 26 34 87 15 33 27 59 88 20 40 52
71 33 10 72 28 62 70 66 34 27 83 59
80 73 19 15 43 85 79 9 43 67 92 2
36 7 72 46 23 14 35 40 72 6 48 33
24 71 60 13 84 83 23 7 84 65 36 0
67 2 30 36 78 4 90 30 54 88 6 23
35 76 47 23 22 83 34 12 95 70 47 5
60 41 66 5 47 48 59 74 23 35 72 67
72 46 11 85 59 53 41 4 35 40 84 72
5 9 65 43 16 11 28 37 89 95 41 30
75 40 14 79 62 47 44 95 38 34 87 66
66 0 5 39 53 7 65 33 5 96 78 26
81 4 20 43 68 11 80 37 14 20 93 30
37 7 73 46 24 14 6 62 0 1 49 33
95 12 4 73 82 19 94 45 58 6 10 38
81 39 50 56 1 24 13 50 74 11 26 43
6 72 42 14 66 84 5 8 66 66 18 1
59 16 95 55 46 23 28 71 22 10 71 42
76 56 15 95 63 63 75 89 15 55 88 82
46 20 82 59 33 27 45 53 9 14 34 51
49 21 85 60 6 50 48 54 12 15 61 47
22 28 58 67 9 35 21 61 52 44 34 54
56 67 92 9 43 74 55 3 92 66 68 93
34 41 70 80 88 70 33 74 94 35 46 67
55 91 91 33 42 1 54 27 91 90 67 20
52 22 88 61 15 34 51 55 15 16 64 48
32 44 68 83 86 73 31 77 92 38 44 70
15 48 51 87 2 55 14 81 75 42 3 79
82 35 45 69 93 37 8 63 69 24 21 56
90 50 96 14 77 57 89 83 53 44 5 76
60 47 29 64 77 32 89 58 53 19 5 51
61 88 30 8 78 73 90 2 54 60 6 92
41 11 4 45 52 13 64 39 28 0 77 32
29 75 65 17 16 82 4 16 89 69 41 4
34 23 46 67 21 30 33 56 94 17 46 49
52 14 88 53 39 21 21 69 15 8 64 40
13 54 73 88 24 56 36 82 0 43 49 75
8 38 44 77 62 67 7 71 68 32 20 64
92 8 55 42 6 10 18 36 79 94 31 29
2 92 38 34 86 2 1 28 38 91 14 21
27 89 63 31 14 96 26 25 87 83 9 40
68 27 7 66 55 34 43 65 31 21 80 53
49 43 85 82 36 50 48 76 12 37 37 74
75 7 14 46 32 36 74 40 38 1 87 33
38 94 74 36 25 4 37 30 68 13 50 23
89 73 28 15 46 5 88 9 52 67 4 2
23 23 59 62 10 30 89 78 83 17 35 49
4 25 40 64 88 32 3 58 64 19 83 73
53 58 59 22 40 65 52 91 16 52 65 84
70 54 9 93 57 61 45 92 33 48 82 80
67 19 6 58 54 26 66 52 30 13 49 67
96 86 59 23 10 88 22 17 83 75 35 10
22 0 58 39 9 7 21 33 58 96 34 26
57 50 93 89 44 57 56 83 87 66 69 76
24 65 60 7 11 72 23 1 60 64 36 91
7 69 43 11 61 1 6 5 67 63 19 95
13 2 49 41 0 9 12 35 73 93 92 50
54 2 90 41 41 9 29 40 17 93 66 28
78 16 47 33 95 1 10 27 71 85 23 20
34 68 3 85 51 53 63 79 27 40 76 72
47 6 83 45 34 13 46 39 10 0 29 54
24 62 60 4 11 69 23 95 84 56 12 93
34 8 3 25 51 90 63 19 27 77 76 12
90 27 29 66 77 34 59 82 53 21 5 53
37 23 73 62 24 30 6 78 0 17 49 49
72 59 11 1 29 88 71 92 35 53 84 85
7 45 43 84 91 52 6 78 67 39 92 76
18 83 54 25 78 95 17 19 78 77 30 12
20 24 80 58 31 26 43 52 7 13 56 45
25 15 61 54 12 22 0 53 85 9 37 41
76 66 15 8 63 73 51 7 39 60 88 92
59 15 95 54 46 22 58 48 22 9 41 63
88 60 27 2 45 89 87 93 51 54 3 86
40 0 46 61 27 7 39 33 3 91 52 26
68 75 7 17 55 82 67 11 31 69 50 26
7 71 43 13 91 78 6 7 67 65 92 5
17 39 83 56 34 24 46 50 10 11 59 43
34 13 40 74 21 20 33 46 94 7 46 39
60 15 66 76 47 22 59 48 23 9 72 41
13 41 49 80 0 48 85 79 73 35 25 67
77 33 83 94 64 40 76 66 40 27 89 59
16 31 82 48 33 16 45 42 9 3 58 35
83 14 22 53 46 26 82 47 46 8 95 40
72 51 41 68 89 36 4 62 65 23 17 55
59 49 95 88 46 56 34 87 22 43 71 75
79 70 18 12 66 77 48 28 42 64 91 96
11 94 47 36 71 9 10 30 71 88 23 23
40 58
