100 97
57 40 96 82 22 2 67 90 10 56 5 31
30 26 87 60 92 85 22 84 80 42 75 17
52 75 91 20 17 37 62 28 5 91 0 66
36 37 93 71 1 96 46 87 86 53 43 50
52 55 91 0 17 17 62 8 5 71 0 46
45 10 43 22 48 47 93 38 36 4 31 76
43 33 3 67 67 17 53 83 93 49 88 24
12 16 87 42 92 67 40 58 80 24 75 96
23 7 80 41 85 66 33 57 55 31 68 95
21 5 19 17 24 42 69 33 12 96 7 71
77 77 37 14 42 39 87 30 89 18 25 68
25 96 82 33 69 66 35 49 75 15 70 87
41 95 80 40 6 57 51 48 91 14 86 86
94 64 54 1 59 26 7 17 47 80 4 77
22 44 0 70 5 95 50 86 90 52 85 27
69 26 47 52 52 77 0 68 40 34 35 9
89 63 49 0 54 25 2 16 24 87 37 54
66 81 64 93 69 21 17 12 57 75 52 50
30 33 87 67 92 92 2 8 80 49 75 24
80 66 2 25 45 28 90 19 33 82 28 57
70 65 68 77 73 5 21 93 61 59 56 34
1 94 58 31 63 56 70 69 51 13 46 85
2 56 59 90 64 18 12 9 52 72 9 69
86 21 46 55 13 5 96 71 39 37 34 12
84 10 44 44 49 69 94 60 96 48 32 1
12 41 69 75 36 25 22 91 62 57 57 32
25 23 82 57 87 82 94 95 75 39 70 14
14 26 89 52 94 77 42 68 82 34 77 9
92 47 70 73 75 1 23 89 63 55 58 30
18 32 37 88 80 91 28 82 68 48 63 23
86 78 64 7 69 32 17 23 57 86 52 61
79 31 39 65 44 90 89 81 14 55 27 22
13 93 32 52 75 55 23 46 63 12 58 84
40 66 0 3 84 36 50 19 90 82 85 57
39 54 78 96 4 16 49 7 89 70 84 45
11 3 68 37 73 62 21 53 61 19 38 2
3 79 60 16 65 41 13 32 15 20 48 70
68 60 28 94 33 22 60 21 21 76 16 51
35 31 13 57 18 82 63 73 6 39 1 14
8 78 65 15 70 40 18 31 58 94 35 77
95 36 55 70 60 95 87 94 48 52 43 27
47 38 7 72 12 0 57 88 59 76 92 29
34 32 91 66 58 16 44 82 84 48 79 23
29 76 86 13 91 38 39 29 79 92 36 89
43 69 3 6 67 53 53 22 93 85 88 60
86 28 64 54 69 79 17 70 57 36 52 11
8 25 47 67 70 84 18 75 58 41 53 16
86 63 46 0 51 25 58 38 39 79 34 54
91 7 51 41 56 66 4 57 26 31 39 95
37 78 94 15 2 40 47 31 87 94 44 91
35 3 74 45 0 62 45 53 85 19 80 91
31 20 88 54 93 79 41 70 81 36 38 33
57 83 17 20 81 67 67 36 10 2 5 74
30 18 87 52 92 77 40 68 62 42 75 9
51 66 11 3 16 28 23 41 4 82 96 57
88 47 66 73 71 1 19 89 59 55 54 30
74 7 34 41 1 88 84 57 27 23 22 95
72 32 32 66 37 91 44 7 25 48 20 23
51 66 11 3 16 28 43 27 4 82 96 57
32 40 89 74 94 2 4 15 82 56 77 31
12 32 51 74 74 91 22 82 62 48 57 23
59 10 19 44 24 69 31 82 12 26 7 1
58 23 18 57 23 82 68 73 11 39 85 22
73 21 33 55 38 80 83 71 26 37 80 34
42 29 2 63 7 88 52 79 92 45 69 28
10 29 85 55 90 80 38 71 78 37 73 12
53 82 51 94 56 22 4 13 44 76 39 51
40 1 0 35 5 60 50 51 90 17 67 0
72 28 91 84 37 87 82 78 25 44 20 19
63 10 23 44 10 77 73 60 16 26 11 1
80 82 40 19 45 44 90 35 33 1 10 81
22 47 79 81 84 9 32 0 34 85 67 38
89 16 49 50 54 75 2 66 24 40 37 7
48 87 87 32 13 49 58 40 1 6 93 78
52 25 12 59 76 9 62 75 5 41 0 16
2 92 59 29 64 54 91 53 52 11 47 83
55 61 15 95 20 23 65 14 67 2 3 52
9 91 48 36 71 53 19 44 59 10 54 82
13 23 70 57 75 82 5 81 63 39 58 14
0 3 75 29 80 54 28 45 68 11 63 83
48 58 8 92 13 20 58 11 60 96 93 49
35 90 13 19 18 44 63 35 6 1 1 73
29 16 27 28 32 53 77 44 20 10 15 82
9 22 66 56 53 89 19 72 59 38 54 13
14 70 33 29 76 32 24 23 64 86 59 61
9 73 66 10 53 43 19 26 59 89 54 64
32 53 89 87 56 37 42 6 82 69 77 44
47 78 7 15 12 40 57 31 0 94 54 91
42 83 2 20 7 45 52 36 92 2 69 82
19 72 17 84 22 12 67 3 10 66 5 41
81 28 41 62 28 95 91 78 34 44 29 19
71 9 49 35 54 60 2 51 42 17 37 89
8 83 65 20 70 45 0 44 58 2 53 74
70 8 30 42 35 67 80 58 5 32 18 96
23 48 80 82 85 10 33 1 55 72 68 39
38 26 95 60 3 85 10 1 88 42 83 17
18 32 75 66 80 91 10 90 68 48 63 23
89 86 49 23 54 48 81 47 42 5 37 77
56 26 16 60 21 85 28 1 9 42 4 17
42 14 2 48 7 73 14 86 92 30 87 5
3 90
