100 97
32 69 85 0 16 13 75 72 35 67 7 54
83 96 26 4 67 40 42 25 86 94 58 81
12 85 78 39 9 52 81 37 28 9 0 93
58 53 14 81 42 94 17 79 48 28 33 38
21 40 61 45 5 81 77 66 24 38 93 25
47 90 16 44 44 57 19 42 63 14 35 1
67 54 23 82 51 95 26 80 70 52 3 84
94 80 50 11 78 24 53 9 0 78 30 13
90 15 46 43 74 56 36 18 93 13 65 0
58 65 14 93 42 9 17 91 48 40 33 50
11 54 77 8 8 21 80 6 27 75 96 62
67 4 23 32 51 45 26 30 70 2 3 34
5 75 58 6 86 19 61 4 8 73 38 8
73 41 87 17 57 82 32 67 76 39 48 26
14 94 67 25 95 38 57 0 17 92 86 79
37 63 90 91 21 7 93 89 1 9 12 48
45 9 1 37 29 50 4 35 35 81 20 91
2 75 68 29 96 42 71 27 18 96 87 83
64 82 20 13 9 71 23 11 67 80 39 67
30 10 83 38 14 51 86 36 33 8 89 69
37 28 90 56 21 69 93 54 27 3 12 13
8 20 74 71 5 84 77 69 24 41 93 28
6 57 59 85 87 1 23 31 9 55 78 42
18 10 71 38 2 51 74 36 8 82 90 92
37 91 6 45 34 58 9 43 53 15 25 2
67 42 23 70 51 83 26 68 57 17 42 27
53 16 48 96 76 12 51 94 95 66 67 53
92 33 48 61 76 74 51 59 82 8 67 18
79 33 35 61 24 22 38 59 82 31 54 18
30 59 83 87 14 3 86 85 91 5 5 44
10 31 50 36 91 72 66 57 13 29 82 16
26 69 21 52 49 65 24 50 68 22 40 9
17 66 70 94 1 10 60 69 20 64 89 51
2 12 42 17 83 53 58 38 5 10 74 94
34 13 74 18 18 54 90 39 37 11 9 95
73 48 29 76 18 37 32 74 76 46 48 33
36 92 89 23 20 36 92 21 39 90 95 54
25 83 91 37 22 50 94 35 41 7 13 91
87 72 43 3 32 61 46 1 90 70 62 57
49 13 63 86 33 54 8 39 52 11 24 95
74 18 17 23 58 59 33 44 77 16 49 3
5 3 19 76 86 44 61 29 8 1 77 85
7 50 47 55 88 91 63 76 10 48 79 35
39 47 92 75 23 88 95 73 3 90 14 32
4 57 57 85 85 1 60 83 7 55 37 87
67 20 23 48 51 61 26 46 57 92 42 5
82 42 96 18 66 83 41 68 85 40 57 27
90 10 46 38 74 51 10 81 93 8 65 92
73 9 29 37 57 50 90 80 76 7 48 91
73 7 68 87 96 3 71 85 18 57 87 44
13 34 8 17 36 30 11 15 55 84 27 71
0 70 53 1 81 14 56 96 61 16 72 55
58 57 14 85 42 1 17 83 22 3 33 42
94 42 50 70 78 83 14 16 0 40 69 27
74 34 69 17 0 30 72 15 19 84 88 71
34 31 87 59 18 72 77 34 37 29 9 16
38 61 91 89 22 5 94 87 41 59 71 91
79 36 35 64 63 77 38 62 82 34 15 66
51 74 7 5 93 63 10 3 54 72 26 59
76 66 19 71 60 10 35 92 79 64 51 51
57 53 13 81 41 94 16 79 60 51 90 83
37 96 90 27 21 40 54 70 40 94 12 81
0 44 53 72 81 85 56 70 61 87 72 29
38 8 91 36 22 49 94 34 28 80 13 90
71 74 27 5 55 18 17 77 74 72 46 59
16 25 69 53 0 66 59 28 19 23 88 10
76 47 32 75 21 36 35 73 79 45 51 32
27 64 93 18 24 31 96 16 43 85 15 72
71 50 85 26 55 91 30 76 74 48 46 35
6 64 59 92 87 8 49 67 9 62 78 49
12 9 65 37 93 50 68 35 2 81 84 91
7 75 73 29 4 42 76 27 23 96 92 83
1 47 93 30 24 43 96 28 43 0 15 84
82 53 77 36 8 49 80 34 27 6 96 90
9 28 62 56 90 69 65 54 70 71 81 13
87 47 30 52 71 88 46 73 90 45 62 32
76 56 32 84 60 0 35 82 79 54 38 18
42 72 11 26 39 39 14 24 58 93 30 80
25 24 78 52 93 42 81 50 28 22 0 9
79 33 35 61 63 74 25 36 82 31 54 18
22 65 75 93 6 9 65 68 25 63 94 50
74 52 88 28 58 93 33 78 77 50 49 37
12 79 65 10 93 23 68 8 2 54 84 64
26 55 79 83 10 96 82 81 29 53 85 17
20 89 73 20 4 33 76 18 23 87 79 51
31 46 84 74 2 64 87 72 34 44 6 31
91 2 47 30 36 88 50 28 94 0 66 84
46 61 2 89 30 5 5 87 36 36 21 46
37 95 90 26 79 84 93 24 40 93 12 80
49 68 5 96 33 12 8 94 52 66 11 30
24 79 38 55 8 23 80 8 27 77 96 64
27 54 80 82 11 95 70 57 30 52 2 39
36 48 5 2 33 15 8 0 52 69 24 56
60 90 16 21 5 79 19 19 63 88 35 75
61 32 17 60 6 21 20 58 64 30 36 17
51 94 7 25 93 83 10 23 54 92 26 79
73 85 29 16 44 6 32 14 76 83 48 70
68 29 24 57 13 18 27 55 71 27 43 14
57 2 0 7 41 43 16 28 60 0 32 84
86 72 42 3 31 61 45 1 89 70 61 57
71 1
