100 97
29 17 58 4 35 95 58 89 7 89 30 95
91 48 23 35 0 29 23 23 69 23 92 29
95 79 40 96 17 90 40 84 86 84 12 90
88 72 33 89 10 83 33 77 79 77 5 83
24 92 53 79 30 73 53 67 2 67 25 73
42 27 84 44 61 38 84 32 33 32 56 38
35 35 64 22 41 16 64 10 13 10 36 16
18 8 60 25 37 19 60 13 9 13 32 19
85 72 17 59 91 53 17 47 63 47 86 53
36 73 78 90 55 84 78 78 27 78 50 84
39 89 68 76 45 70 68 64 17 64 40 70
13 69 42 56 19 50 42 44 88 44 14 50
24 49 53 36 30 30 53 24 2 24 25 30
60 44 5 61 79 55 5 49 51 49 74 55
73 53 18 70 92 64 18 58 64 58 87 64
82 62 14 49 88 43 14 37 60 37 83 43
47 23 89 40 66 34 89 28 38 28 61 34
75 16 20 33 94 27 20 21 66 21 89 27
3 78 32 65 9 59 32 53 78 53 4 59
67 33 12 50 86 44 12 38 58 38 81 44
88 64 33 81 10 75 33 69 79 69 5 75
77 9 22 26 96 20 22 14 68 14 91 20
44 1 86 18 63 12 86 6 35 6 58 12
65 55 10 72 84 66 10 60 56 60 79 66
78 3 23 20 0 14 23 8 69 8 92 14
71 70 3 57 77 51 3 45 49 45 72 51
90 14 22 1 96 92 22 86 68 86 91 92
27 9 56 93 33 87 56 81 5 81 28 87
22 27 51 14 28 8 51 2 0 2 23 8
19 85 61 5 38 96 61 90 10 90 33 96
3 85 45 5 22 96 45 90 91 90 17 96
91 59 36 76 13 70 36 64 82 64 8 70
36 22 78 39 55 33 78 27 27 27 50 33
1 68 30 55 7 49 30 43 76 43 2 49
88 18 20 5 94 96 20 90 66 90 89 96
37 74 79 91 56 85 79 79 28 79 51 85
41 51 83 68 60 62 83 56 32 56 55 62
68 66 0 53 74 47 0 41 46 41 69 47
89 60 21 47 95 41 21 35 67 35 90 41
70 91 15 11 89 5 15 96 61 96 84 5
78 6 23 23 0 17 23 11 69 11 92 17
94 86 39 6 16 0 39 91 85 91 11 0
32 32 74 49 51 43 74 37 23 37 46 43
0 93 29 80 6 74 29 68 75 68 1 74
5 34 34 21 11 15 34 9 80 9 6 15
10 22 39 9 16 3 39 94 85 94 11 3
13 8 42 92 19 86 42 80 88 80 14 86
33 38 75 55 52 49 75 43 24 43 47 49
96 21 41 38 18 32 41 26 87 26 13 32
38 61 67 48 44 42 67 36 16 36 39 42
20 65 71 65 48 59 93 66 20 53 43 59
39 51 90 51 67 45 15 52 39 39 62 45
56 1 10 1 84 92 19 69 56 86 79 92
96 29 50 29 27 23 59 0 96 17 22 23
5 35 56 35 33 29 65 6 5 23 28 29
87 77 41 77 18 71 50 48 87 65 13 71
57 25 11 25 85 19 20 93 57 13 80 19
33 55 84 55 61 49 93 26 33 43 56 49
60 50 14 50 88 44 36 51 60 38 83 44
20 81 71 81 48 75 93 82 20 69 43 75
50 84 4 84 78 78 26 85 50 72 73 78
50 27 4 27 78 21 13 95 50 15 73 21
28 47 79 47 56 41 88 18 28 35 51 41
88 28 42 28 19 22 64 29 88 16 14 22
32 88 83 88 60 82 8 89 32 76 55 82
82 48 36 48 13 42 58 49 82 36 8 42
14 50 65 50 42 44 74 21 14 38 37 44
41 62 92 62 69 56 4 33 41 50 64 56
79 52 33 52 10 46 42 23 79 40 5 46
34 12 85 12 62 6 94 80 34 0 57 6
89 9 43 9 20 3 52 77 89 94 15 3
36 36 87 36 64 30 12 37 36 24 59 30
33 79 84 79 61 73 93 50 33 67 56 73
52 77 6 77 80 71 15 48 52 65 75 71
62 93 16 93 90 87 25 64 62 81 85 87
37 4 88 4 65 95 0 72 37 89 60 95
36 52 87 52 64 46 12 53 36 40 59 46
2 77 53 77 30 71 62 48 2 65 25 71
53 92 7 92 81 86 16 63 53 80 76 86
85 35 39 35 16 29 61 36 85 23 11 29
12 84 63 84 40 78 85 85 12 72 35 78
80 22 34 22 11 16 43 90 80 10 6 16
75 3 29 3 6 94 51 4 75 88 1 94
34 78 85 78 62 72 94 49 34 66 57 72
16 94 67 94 44 88 76 65 16 82 39 88
52 5 6 5 80 96 28 6 52 90 75 96
77 58 31 58 8 52 40 29 77 46 3 52
34 28 85 28 62 22 94 96 34 16 57 22
81 36 35 36 12 30 57 37 81 24 7 30
9 37 60 37 37 31 69 8 9 25 32 31
31 1 82 1 59 92 7 2 31 86 54 92
44 64 95 64 72 58 7 35 44 52 67 58
0 2 51 2 28 93 60 70 0 87 23 93
27 1 78 1 55 92 87 69 27 86 50 92
93 87 47 87 24 81 56 58 93 75 19 81
53 59 7 59 81 53 16 30 53 47 76 53
10 91 61 91 38 85 70 62 10 79 33 85
77 26 31 26 8 20 53 27 77 14 3 20
57 67 11 67 85 61 33 68 57 55 80 61
69 75 23 75 0 69 45 76 69 63 92 69
16 50
