42 68
35 67 59 6 15 59 32 67 48 56 1 16
45 55 34 53 51 45 8 7 49 57 19 19
47 44 46 42 4 48 63 4 32 41 12 12
7 12 38 39 16 56 6 11 21 42 25 18
51 36 52 67 49 46 43 8 4 57 66 56
37 28 22 47 38 64 17 4 9 58 60 34
43 14 43 6 29 58 66 40 29 36 3 36
30 41 45 3 19 22 43 54 5 25 7 58
24 48 65 36 41 51 66 67 1 16 62 28
44 2 38 6 31 22 18 66 2 38 66 28
2 22 18 43 58 2 23 33 48 13 60 51
7 38 9 27 22 16 6 59 31 30 8 45
53 49 20 59 59 45 44 57 63 46 26 20
22 26 5 1 52 11 38 35 58 27 28 14
34 44 4 48 22 1 28 52 57 44 5 60
47 10 42 43 23 52 15 60 10 67 54 34
5 58 16 64 3 10 51 67 48 66 35 45
21 61 15 36 9 53 17 32 24 21 56 21
50 57 65 32 26 8 20 31 19 22 65 16
18 0 67 14 41 48 59 18 24 13 56 21
46 23 21 29 11 23 67 45 39 17 33 20
33 17 49 13 41 59 34 48 43 43 31 49
13 37 41 30 22 13 35 38 56 61 36 27
47 54 30 19 20 21 42 35 9 58 21 0
37 42 53 23 21 52 51 5 48 1 59 58
45 13 24 59 63 53 3 23 66 55 30 0
11 43 61 42 16 55 3 43 37 17 8 54
62 12 59 9 42 8 40 22 3 45 20 42
3 6 44 61 10 19 13 36 57 32 37 60
11 21 47 42 54 50 67 12 20 33 64 47
58 22 29 57 25 58 62 32 15 12 17 8
56 40 25 46 22 45 58 54 38 26 53 26
48 55 20 3 36 45 49 39 42 47 12 23
62 34 47 4 9 59 22 1 60 24 58 35
66 41 64 51 24 43 49 63 63 66 13 3
30 34 51 66 20 67 4 50 20 54 6 12
27 64 9 43 26 17 10 66 32 19 28 24
47 4 64 52 22 54 34 37 37 18 29 48
53 30 25 27 25 47 7 44 26 25 64 59
53 5 31 8 54 5 61 16 13 30 10 54
10 54 33 29 11 39 3 64 12 60 8 9
30 43 50 13 21 59 54 16 7 46 4 8
14 18
