64 18
10 2 2 10 1 10 15 3 10 16 15 5
2 8 2 4 0 1 7 12 2 15 9 13
5 14 8 2 3 9 8 2 5 8 13 16
11 3 10 1 13 6 3 6 7 16 12 13
17 8 12 8 0 15 1 8 11 2 10 17
12 16 13 2 5 11 13 10 14 12 0 6
9 2 17 3 16 7 11 9 2 9 15 10
16 7 13 7 14 7 3 13 2 0 7 17
1 4 15 9 7 14 4 17 17 5 10 6
9 10 1 11 17 11 4 6 9 8 9 0
1 10 3 8 17 12 14 0 0 5 2 11
7 8 13 10 13 16 10 7 10 15 6 14
15 1 6 0 4 1 6 7 7 0 13 10
16 17 16 14 2 16 9 16 12 5 9 1
10 16 13 16 12 9 6 16 17 8 9 8
6 9 4 10 5 8 4 1 15 16 6 15
0 1 1 4 6 7 6 12 13 11 9 17
6 4 15 12 5 7 10 0 15 3 7 3
15 1 12 15 17 16 14 12 6 11 12 13
10 10 13 7 12 12 1 12 5 5 12 6
12 13 15 2 15 2 6 14 3 6 17 0
11 6 12 15 7 14 6 14 9 8 6 16
14 6 7 14 1 2 8 12 6 8 0 0
17 17 13 9 2 4 17 9 9 16 15 6
0 14 13 7 17 16 9 13 9 6 7 13
4 3 1 2 4 9 4 5 6 1 14 0
17 0 15 6 0 11 7 15 2 11 4 11
15 9 8 3 4 15 15 14 9 0 17 16
11 13 15 11 14 5 4 8 10 15 10 1
13 0 0 6 9 12 0 11 0 4 12 4
16 6 7 11 9 2 13 16 13 7 2 2
4 15 4 7 8 9 13 4 2 8 11 9
9 13 17 13 3 10 8 12 7 4 12 7
11 15 1 8 1 2 17 2 9 14 14 3
4 3 17 17 3 12 8 16 2 1 17 13
12 15 6 1 0 6 17 6 2 4 5 8
6 9 2 3 13 13 10 6 16 10 17 4
8 7 12 14 0 14 6 9 17 9 6 5
4 15 17 13 0 2 16 7 4 5 12 11
7 7 8 12 15 11 14 13 0 10 1 11
11 5 9 7 2 17 16 6 9 17 16 2
5 3 16 9 4 17 7 2 6 11 0 15
14 13 15 11 1 5 11 4 5 9 2 14
1 7 7 12 17 7 6 8 2 13 9 6
11 2 7 1 10 2 17 3 9 13 13 7
5 3 1 4 16 13 7 10 2 8 14 8
14 4 16 5 2 1 10 4 7 16 3 8
4 17 14 15 11 4 6 15 13 10 15 5
0 0 1 3 16 11 7 15 11 1 2 4
3 4 6 5 13 4 4 6 7 0 15 3
1 0 10 0 2 9 17 3 4 9 3 6
16 13 8 13 6 13 8 3 8 10 1 5
3 9 13 8 15 2 14 17 7 4 13 4
12 2 14 11 15 1 15 5 15 11 15 7
15 1 5 6 10 1 15 16 0 8 15 0
16 2 7 17 15 9 2 17 13 12 6 6
7 12 11 13 15 9 2 3 11 2 11 3
5 0 8 9 9 14 11 8 7 17 5 9
14 16 16 3 12 0 15 10 9 15 16 15
6 16 16 15 3 12 3 6 7 15 4 4
10 16 14 11 17 14 11 17 7 4 7 16
11 14 2 12 16 15 14 7 11 12 6 13
3 8 7 0 17 7 6 9 12 7 3 14
17 8 17 3 3 14 3 1 8 9 8 16
12 9
