74 95
93 41 35 24 16 26 93 83 47 16 65 77
48 84 29 3 55 89 13 64 12 4 67 33
25 25 79 86 76 10 40 86 18 85 33 24
16 56 33 17 74 7 40 67 84 24 71 20
16 50 4 42 26 53 40 93 81 73 61 3
50 47 3 51 36 76 41 43 18 54 24 55
54 57 32 35 45 69 34 1 48 58 28 70
32 78 77 71 75 86 10 83 77 61 83 40
94 23 84 81 41 55 53 53 77 24 36 41
64 94 28 42 24 92 51 68 90 2 48 51
84 40 86 65 2 45 40 60 86 68 84 68
10 49 47 46 0 60 20 52 0 13 86 46
66 66 20 87 4 84 28 8 37 76 57 0
68 48 0 90 63 81 25 94 69 13 53 54
10 41 25 12 83 25 90 93 49 84 57 42
47 0 33 19 88 91 48 67 27 7 61 17
30 33 65 75 57 63 58 5 61 60 73 81
70 88 38 65 2 76 72 58 4 39 2 45
84 83 70 27 34 2 44 17 34 7 51 74
4 9 60 88 64 19 65 66 25 31 51 26
7 9 51 29 63 85 11 35 8 60 23 47
34 93 63 44 87 18 5 82 51 0 92 14
78 41 80 18 80 32 76 26 86 22 45 62
30 86 58 26 82 57 59 43 82 13 14 44
49 79 22 52 52 59 29 53 14 66 76 24
16 54 8 20 53 7 5 37 0 58 64 62
11 19 36 88 51 37 71 75 36 33 82 68
48 87 46 7 36 50 83 21 76 15 44 40
20 62 35 40 62 60 92 65 20 13 71 71
5 22 67 69 12 25 51 41 7 45 69 30
57 60 20 68 44 3 32 20 0 84 30 21
32 39 19 38 20 0 69 37 91 93 53 43
0 38 47 46 64 46 42 79 53 77 70 89
75 68 32 81 33 22 74 59 16 10 59 92
41 85 15 67 7 35 17 11 68 44 92 78
88 84 46 11 49 8 14 35 50 39 45 34
18 91 18 90 15 24 47 31 91 77 58 85
11 85 49 78 51 42 72 91 41 17 78 63
20 55 81 87 41 77 90 70 12 62 73 72
56 41 51 32 34 90 32 56 70 79 14 56
26 50 55 65 83 59 75 71 3 60 12 89
23 56 17 88 22 8 65 18 41 47 69 69
68 74 58 73 82 82 49 17 21 4 2 24
79 93 87 55 70 75 8 13 71 72 7 67
1 18 72 59 92 18 25 21 52 73 37 90
17 58 56 30 32 33 10 43 15 80 17 28
68 53 44 62 81 17 65 87 67 88 62 88
40 88 65 31 6 67 20 91 68 4 64 79
90 22 1 23 48 28 61 83 79 76 83 11
42 33 24 11 85 52 65 49 2 61 71 54
87 42 71 2 21 5 14 25 91 31 51 14
65 31 74 27 54 41 65 38 36 28 52 79
74 32 18 89 15 87 52 31 26 92 7 80
67 9 83 7 75 63 17 5 42 26 27 40
84 55 13 87 51 80 40 48 3 82 7 32
1 22 46 86 85 43 41 42 8 22 89 62
49 25 43 26 65 28 25 92 27 38 1 44
93 39 6 51 2 78 15 13 94 40 18 51
89 19 50 37 28 16 51 33 62 41 32 38
17 20 78 58 71 40 17 11 64 9 91 7
43 92 84 39 42 13 45 25 34 75 8 37
34 41 31 31 15 48 86 66 88 49 66 84
84 11 6 49 58 60 88 42 66 23 60 28
83 66 66 16 39 68 35 85 43 94 25 68
66 3 81 52 76 26 53 33 71 26 0 66
89 34 82 57 45 89 55 54 55 1 28 15
86 91 56 46 45 60 46 53 30 72 61 88
69 22 65 25 85 68 93 0 63 40 21 55
27 18 39 30 16 61 91 2 26 29 75 29
59 68 51 81 69 54 50 22 71 80 36 92
62 49 92 16 91 40 44 18 94 51 2 18
8 85 77 51 40 1 56 85 3 27 1 26
7 50 53 6 87 11 33 62 47 80 42 55
89 78 62 33 4 48 70 93 85 64 12 35
69 26
