84 72
8 27 47 51 23 11 53 48 22 65 53 21
3 37 55 60 14 34 61 53 69 8 15 55
15 52 13 22 71 69 40 70 68 56 58 31
39 55 8 65 68 21 68 26 21 61 40 62
59 51 64 38 6 27 23 12 15 58 37 46
4 18 71 65 44 1 31 55 44 43 38 20
57 39 15 30 38 40 14 51 48 53 25 16
16 3 30 7 33 42 61 56 52 37 71 43
64 70 63 20 61 17 15 64 51 71 47 48
54 6 66 20 21 63 33 10 3 49 36 63
53 20 61 52 62 64 56 45 0 31 65 62
67 40 44 14 43 61 18 9 36 0 3 49
9 41 63 13 31 51 49 68 19 8 6 27
51 58 10 38 67 36 21 44 22 16 36 62
32 26 66 25 58 44 33 17 70 19 27 8
3 50 30 16 67 30 48 5 19 11 62 31
66 61 43 54 70 0 8 55 36 52 23 47
38 35 28 37 42 5 38 20 24 71 50 40
68 23 65 10 5 19 19 23 29 26 28 70
27 26 70 65 69 12 71 19 65 70 13 12
62 39 47 57 70 64 37 7 47 65 35 40
11 18 10 47 52 59 63 57 52 5 0 38
4 59 20 62 3 35 51 23 58 50 62 38
37 63 40 19 28 30 29 58 27 8 34 71
39 64 21 34 58 42 30 19 25 55 38 64
20 12 6 5 21 68 36 3 69 10 50 60
43 68 16 22 70 69 35 6 14 26 37 55
61 47 46 67 20 10 43 56 51 32 71 55
49 30 8 41 69 3 11 35 68 29 34 20
60 65 69 69 48 63 31 24 69 37 50 11
28 66 45 23 18 38 5 12 12 17 50 16
55 1 28 24 62 8 29 22 45 60 65 67
38 9 51 54 34 68 57 30 27 9 20 13
71 64 57 5 7 35 59 47 9 60 36 42
19 52 25 9 9 63 46 25 64 46 58 65
44 12 36 2 7 62 6 49 59 21 33 42
58 38 58 15 44 12 43 66 65 35 21 64
23 48 4 70 38 8 3 40 2 62 50 31
33 65 37 11 30 21 7 66 69 8 7 16
71 56 26 63 56 20 65 32 32 32 4 51
47 5 62 28 13 16 59 47 33 26 64 20
55 56 66 46 7 35 42 41 4 18 55 26
58 63 13 52 20 56 5 40 21 71 4 44
61 52 24 47 70 1 32 36 40 14 35 29
1 46 36 50 1 17 5 51 14 20 34 66
19 62 71 4 70 29 36 1 34 40 23 57
26 54 67 18 71 7 49 16 36 41 36 68
39 6 57 17 11 19 14 18 44 4 50 39
51 55 14 34 19 14 3 21 51 25 28 31
69 3 60 15 30 11 11 31 6 47 5 28
66 60 52 29 65 49 55 67 20 36 35 16
66 53 1 11 42 50 16 50 66 42 37 49
55 14 15 58 46 13 16 5 3 31 1 11
32 69 69 5 1 6 58 35 45 53 35 9
15 33 17 36 69 13 58 30 41 65 59 46
55 24 58 28 54 13 71 51 66 71 29 24
49 60 35 2 13 69 40 26 25 38 38 69
48 34 62 7 18 60 12 3 40 25 68 40
66 36 37 70 71 17 38 2 69 70 46 29
18 71 0 20 34 34 31 4 25 34 22 60
67 71 28 0 66 70 61 66 1 21 12 51
39 42 8 67 45 5 12 62 59 50 68 24
24 3 69 9 57 70 20 60 68 3 18 5
5 9 30 17 65 9 27 27 25 18 35 52
49 7 60 34 34 30 43 37 60 59 71 46
32 68 71 40 61 54 38 43 9 48 29 30
35 38 26 6 31 25 0 45 9 37 31 60
37 3 53 43 54 32 13 40 22 14 7 47
6 1 57 50 30 29 36 49 47 22 33 51
55 71 38 61 5 39 20 26 53 57 35 4
14 36 16 42 2 43 45 10 38 21 25 9
19 6 19 17 29 63 41 58 50 5 21 69
44 14 59 20 50 33 12 6 12 37 31 9
54 42 8 9 55 32 49 25 26 45 56 47
4 67 41 52 15 49 62 52 15 56 4 35
20 17 32 41 71 13 2 40 24 29 0 67
47 3 38 49 65 41 37 50 53 49 2 33
0 52 0 3 14 23 16 31 10 2 40 22
64 51 17 37 9 19 38 16 6 47 10 66
65 50 17 35 56 65 34 56 11 23 3 9
1 1 6 39 38 61 67 37 23 47 69 48
9 20 1 42 14 67 12 59 65 48 69 1
45 58 27 18 33 0 32 23 23 56 14 44
14 24 17 21 44 41 61 27 71 48 9 6
6 22
