100 100
48 61 56 61 0 67 26 23 77 60 64 67
52 19 32 69 71 25 80 81 83 81 18 25
69 74 35 24 66 30 27 36 30 86 22 67
55 37 41 0 29 56 62 12 74 62 70 56
92 59 75 59 8 2 0 21 80 71 88 65
81 41 91 41 53 47 34 3 53 3 78 47
55 0 9 50 8 56 74 12 39 12 88 6
78 54 75 91 34 60 13 66 33 16 88 10
97 3 47 53 33 59 28 65 52 65 44 59
80 81 33 81 93 37 63 93 38 43 62 87
71 36 15 36 26 79 37 48 54 98 62 92
3 27 52 27 16 33 37 89 87 39 60 33
39 21 11 21 73 77 74 20 62 83 11 27
39 46 99 96 43 2 18 8 31 58 23 2
66 15 91 2 20 21 33 77 31 77 11 21
6 21 39 71 40 27 94 83 58 33 66 27
8 4 75 4 39 10 26 16 90 16 32 60
55 30 47 30 62 36 41 92 91 79 43 36
22 41 40 28 75 97 10 53 8 3 13 97
1 86 0 36 81 92 51 48 63 48 40 42
53 46 42 96 60 2 56 58 0 58 34 52
77 8 69 58 35 64 14 20 13 20 23 51
82 16 49 66 80 72 37 28 15 15 88 72
83 30 38 30 76 36 34 42 11 42 53 36
79 31 57 81 18 24 56 43 61 93 72 87
7 72 14 22 24 78 58 84 49 34 86 28
1 54 50 4 49 97 35 16 51 66 15 60
86 93 62 93 16 49 2 55 14 42 26 99
92 22 2 22 51 28 76 84 97 71 23 28
99 26 77 26 94 32 74 38 20 38 40 32
89 70 30 20 39 26 56 82 91 82 39 26
8 28 20 28 29 34 56 40 75 40 40 34
18 61 9 61 69 17 48 23 75 73 18 67
44 70 46 20 29 76 13 32 25 19 19 76
63 28 24 28 52 84 61 90 12 40 37 34
35 73 88 23 96 29 18 72 7 85 55 79
48 81 31 68 85 37 18 43 74 43 96 37
10 56 98 6 12 12 96 18 14 68 77 62
41 62 25 62 44 18 23 24 38 24 82 18
98 93 89 43 89 49 17 42 87 5 68 99
38 52 5 2 49 8 97 14 20 64 51 8
80 37 22 74 49 43 85 99 6 99 79 93
63 88 81 1 48 7 78 63 49 63 75 57
25 98 42 48 63 4 20 60 48 10 40 54
37 88 82 38 36 44 88 0 67 87 27 44
7 22 85 72 16 15 55 84 97 84 96 78
72 57 5 57 28 13 83 19 51 69 32 13
67 86 31 36 57 42 48 98 6 98 99 42
59 11 83 61 50 17 78 23 22 23 89 17
24 33 54 83 87 76 28 45 84 45 87 39
84 48 55 11 13 17 71 23 99 73 62 67
68 23 1 73 8 79 63 72 65 35 19 79
29 67 13 67 35 73 4 16 26 29 51 23
70 49 12 99 8 55 18 11 49 11 11 5
55 29 78 29 87 35 93 78 92 91 71 35
91 0 76 50 62 6 76 62 72 12 70 56
10 8 6 71 75 27 52 33 37 33 50 77
50 24 43 74 5 30 42 73 31 86 70 80
50 89 41 89 0 95 16 51 20 51 28 45
4 28 72 78 14 84 3 40 84 40 87 34
43 26 82 26 91 82 82 38 86 88 25 19
57 85 90 35 85 91 35 47 64 47 38 41
73 4 14 41 77 10 53 66 93 66 87 60
26 7 53 57 36 13 60 69 79 19 48 13
7 59 27 46 5 15 24 71 54 21 15 65
94 98 25 48 62 54 79 97 37 10 14 4
4 6 57 56 77 12 40 18 56 18 68 62
57 0 90 0 84 6 79 49 98 12 38 56
44 22 18 22 12 28 11 84 54 84 64 28
29 73 43 23 8 29 89 35 47 85 19 79
93 31 37 81 77 37 45 43 43 93 5 37
74 5 44 5 17 11 7 17 73 67 18 61
61 78 55 78 0 84 37 40 51 90 64 84
91 32 19 45 15 1 28 7 14 7 42 1
63 90 20 40 64 96 48 2 37 2 29 46
7 29 71 42 65 48 0 4 83 54 37 48
6 78 2 28 16 84 54 40 10 40 75 84
83 1 55 1 95 7 91 13 45 63 77 7
13 66 34 66 13 22 14 78 65 78 50 72
14 93 88 43 32 99 29 5 63 55 9 86
96 36 70 86 53 92 14 48 32 48 20 92
20 33 58 33 21 89 23 95 5 95 69 89
0 78 27 28 82 34 7 40 28 90 88 84
6 23 13 23 88 29 34 72 60 35 73 29
33 93 14 56 85 12 8 68 69 18 28 12
46 31 68 31 77 87 3 93 14 93 27 37
5 48 43 98 66 4 52 47 24 10 92 4
55 21 28 71 85 77 72 83 79 33 35 27
30 99 93 49 18 55 21 61 19 11 26 55
52 54 41 4 40 47 40 66 43 16 35 10
40 74 48 24 85 30 43 36 5 36 98 17
88 5 7 68 0 74 73 80 88 30 33 24
60 90 72 90 42 96 21 2 47 89 86 96
87 28 76 28 96 84 13 90 4 40 73 84
71 13 83 63 62 19 44 75 39 75 4 6
86 82 60 32 56 38 68 94 68 44 50 38
22 56 46 56 26 62 21 68 82 18 65 12
33 11 12 74 25 80 97 86 52 86 92 30
10 2 62 52 57 8 16 14 73 14 24 58
93 29 98 29 74 85 57 41 85 41 72 85
34 95
