100 100
77 60 30 53 13 5 46 37 52 71 15 69
94 80 88 73 14 75 92 34 99 91 79 12
67 56 21 26 89 28 50 37 59 94 84 92
14 47 7 17 41 19 80 78 86 35 23 83
57 51 63 44 76 96 29 5 12 12 72 83
1 4 30 47 87 49 31 58 56 65 80 63
37 65 78 58 94 60 10 42 90 76 84 24
61 39 97 82 91 84 81 93 73 50 42 98
35 16 3 59 56 34 5 70 11 77 44 25
5 28 20 21 55 73 97 82 67 12 90 37
93 72 97 15 43 67 43 76 31 83 35 31
25 74 89 17 7 69 41 78 77 35 92 83
19 92 31 85 2 87 90 46 86 3 92 1
83 16 99 59 92 61 66 20 0 27 16 75
39 29 82 72 1 24 72 56 12 40 41 88
75 80 5 23 66 75 35 84 50 41 54 89
34 86 19 52 44 81 75 40 54 97 59 45
27 57 94 50 88 52 15 34 65 68 88 16
32 91 9 84 88 59 73 95 37 2 36 50
69 13 32 33 26 85 40 44 79 51 83 49
53 74 79 44 68 96 2 55 15 12 31 10
57 11 2 4 45 56 82 15 17 72 85 20
85 98 38 91 56 93 78 52 36 9 21 57
83 18 19 61 95 63 51 95 56 29 13 27
88 14 30 57 24 32 21 18 65 75 40 73
60 66 12 59 30 61 34 20 33 77 90 25
14 95 74 88 35 40 21 99 44 6 13 4
84 40 77 83 1 85 17 17 53 1 57 49
9 5 35 48 8 0 69 59 26 16 59 14
81 56 98 49 80 51 30 60 96 17 71 38
14 81 36 24 66 76 44 35 45 15 8 40
33 7 20 0 15 52 6 11 58 68 14 89
54 46 45 89 14 91 0 50 50 7 79 78
15 10 81 3 56 5 64 14 78 21 87 19
22 61 69 54 81 6 88 65 47 72 54 20
34 43 54 36 63 61 73 97 42 4 16 52
96 34 70 77 66 52 34 88 94 45 31 43
2 97 77 40 54 42 81 1 0 8 62 56
87 0 52 93 39 45 71 54 70 61 40 9
60 68 58 11 45 63 58 95 39 29 28 77
88 96 56 89 41 41 13 73 42 7 66 55
43 18 30 61 14 63 60 22 6 29 99 27
2 23 47 16 67 18 40 50 40 34 11 32
85 24 39 67 82 19 29 28 48 85 29 83
98 30 27 46 79 25 54 34 84 41 3 39
3 60 34 80 83 82 32 41 35 48 78 46
87 31 73 47 20 26 92 85 5 42 61 90
85 70 29 63 93 15 20 74 62 81 22 29
80 38 69 31 18 83 94 42 3 49 78 47
73 83 13 76 69 78 37 37 72 94 32 42
41 79 3 72 41 74 39 33 58 40 84 38
29 48 45 91 67 43 47 52 73 9 58 7
36 60 64 53 10 55 32 14 1 71 61 69
94 77 88 20 85 22 53 81 20 88 70 86
46 24 35 17 3 69 7 28 62 35 16 83
97 80 21 73 81 75 49 34 48 41 31 89
99 4 4 47 87 49 91 58 45 15 60 63
29 43 90 86 35 88 96 47 69 4 87 2
99 25 69 68 74 20 59 79 13 86 74 7
14 13 76 56 62 8 64 67 89 24 51 72
65 72 2 15 56 90 32 76 75 33 29 81
31 83 45 76 26 51 88 37 32 94 64 92
82 21 16 64 62 16 64 25 36 55 58 80
79 93 16 86 85 38 58 97 16 4 86 2
90 44 19 87 78 39 50 48 91 78 43 53
49 66 94 36 33 88 75 47 94 54 34 2
91 10 87 53 65 5 61 64 16 71 8 19
29 12 70 55 49 57 27 66 98 73 52 71
17 44 40 87 77 39 95 98 5 55 59 3
49 2 34 95 10 97 54 6 28 13 34 61
68 27 35 20 25 72 63 81 23 88 46 36
86 30 10 73 57 25 6 84 90 91 60 39
72 92 69 85 87 87 36 96 67 53 3 1
19 1 22 44 10 46 56 55 37 62 0 33
33 63 63 56 6 8 41 17 86 74 67 22
66 82 1 75 25 27 59 86 15 43 42 41
22 35 10 78 56 80 98 39 29 96 89 94
26 29 19 22 79 24 95 56 19 40 10 88
8 67 54 83 5 12 94 21 46 28 41 26
8 9 18 52 11 27 26 13 26 20 30 68
29 8 35 51 42 3 91 12 45 19 53 67
46 83 30 26 99 28 82 10 69 94 71 92
42 61 73 31 62 33 44 92 86 99 34 97
29 13 11 6 16 58 60 67 24 24 3 72
77 17 75 10 19 62 67 71 17 78 92 26
15 85 69 28 94 80 40 39 32 69 81 94
33 92 43 85 37 37 27 96 60 3 70 51
32 54 21 47 30 99 68 8 67 15 69 13
18 31 32 24 20 99 7 35 54 92 85 40
11 82 41 25 16 50 88 86 46 93 3 41
72 57 30 50 82 2 52 11 26 68 30 66
51 80 62 73 49 25 2 34 82 41 93 89
9 61 62 81 96 83 24 42 36 99 32 97
10 29 65 45 35 24 38 83 4 90 72 38
89 25 77 68 80 20 23 29 91 36 49 34
95 58 58 1 97 53 65 62 17 42 57 67
15 94 5 37 6 89 90 98 68 55 40 53
87 18 88 61 12 13 29 72 87 29 42 27
1 44 49 37 63 39 97 98 3 5 4 53
74 72 90 65 72 67 53 99 78 33 98 31
99 45
