100 97
0 0 0 0 0 0 0 0 28 0 0 0
0 0 28 0 0 0 0 0 0 0 0 0
0 0 28 0 0 0 0 0 0 0 0 0
0 0 0 0 0 0 0 0 28 0 0 0
0 0 0 0 0 0 0 0 28 0 0 0
0 0 0 30 0 0 0 0 0 0 0 0
0 0 0 0 0 0 0 0 28 0 0 0
0 0 0 30 0 0 0 0 0 0 0 0
0 0 0 0 0 0 0 0 28 0 0 0
0 0 0 0 0 0 0 0 0 30 0 0
0 0 0 0 0 0 0 0 28 0 0 0
0 0 0 0 0 0 0 0 0 30 0 0
0 0 28 0 0 0 0 0 0 0 0 0
0 0 0 0 0 0 0 0 0 30 0 0
0 0 0 0 0 0 0 0 0 30 0 0
0 0 28 0 0 0 0 0 0 0 0 0
0 0 0 30 0 0 0 0 0 0 0 0
0 0 0 0 0 0 0 0 28 0 0 0
0 0 28 0 0 0 0 0 0 0 0 0
0 0 0 0 0 0 0 0 0 30 0 0
0 0 0 30 0 0 0 0 0 0 0 0
0 0 0 0 0 0 0 0 0 30 0 0
0 0 0 0 0 0 0 0 28 0 0 0
0 0 0 0 0 0 0 0 28 0 0 0
0 0 0 0 0 0 0 0 0 30 0 0
0 0 0 0 0 0 0 0 0 30 0 0
0 0 0 30 0 0 0 0 0 0 0 0
0 0 28 0 0 0 0 0 0 0 0 0
0 0 0 30 0 0 0 0 0 0 0 0
0 0 0 0 0 0 0 0 28 0 0 0
0 0 0 30 0 0 0 0 0 0 0 0
0 0 0 30 0 0 0 0 0 0 0 0
0 0 0 0 0 0 0 0 28 0 0 0
0 0 0 0 0 0 0 0 28 0 0 0
0 0 0 30 0 0 0 0 0 0 0 0
0 0 28 0 0 0 0 0 0 0 0 0
0 0 0 0 0 0 0 0 28 0 0 0
0 0 28 0 0 0 0 0 0 0 0 0
0 0 0 0 0 0 0 0 28 0 0 0
0 0 0 0 0 0 0 0 28 0 0 0
0 0 28 0 0 0 0 0 0 0 0 0
0 0 0 0 0 0 0 0 28 0 0 0
0 0 0 0 0 0 0 0 0 30 0 0
0 0 0 0 0 0 0 0 28 0 0 0
0 0 0 30 0 0 0 0 0 0 0 0
0 0 28 0 0 0 0 0 0 0 0 0
0 0 28 0 0 0 0 0 0 0 0 0
0 0 0 0 0 0 0 0 28 0 0 0
0 0 0 0 0 0 0 0 28 0 0 0
0 0 0 30 0 0 0 0 0 0 0 0
0 0 0 30 0 0 0 0 0 0 0 0
0 0 0 30 0 0 0 0 0 0 0 0
0 0 28 0 0 0 0 0 0 0 0 0
0 0 0 0 0 0 0 0 0 30 0 0
0 0 28 0 0 0 0 0 0 0 0 0
0 0 0 0 0 0 0 0 28 0 0 0
0 0 0 30 0 0 0 0 0 0 0 0
0 0 28 0 0 0 0 0 0 0 0 0
0 0 28 0 0 0 0 0 0 0 0 0
0 0 28 0 0 0 0 0 0 0 0 0
0 0 0 0 0 0 0 0 28 0 0 0
0 0 0 0 0 0 0 0 28 0 0 0
0 0 0 0 0 0 0 0 0 30 0 0
0 0 28 0 0 0 0 0 0 0 0 0
0 0 0 30 0 0 0 0 0 0 0 0
0 0 0 30 0 0 0 0 0 0 0 0
0 0 0 0 0 0 0 0 28 0 0 0
0 0 0 30 0 0 0 0 0 0 0 0
0 0 28 0 0 0 0 0 0 0 0 0
0 0 0 30 0 0 0 0 0 0 0 0
0 0 0 0 0 0 0 0 28 0 0 0
0 0 0 30 0 0 0 0 0 0 0 0
0 0 0 0 0 0 0 0 0 30 0 0
0 0 0 0 0 0 0 0 28 0 0 0
0 0 0 30 0 0 0 0 0 0 0 0
0 0 0 30 0 0 0 0 0 0 0 0
0 0 0 0 0 0 0 0 0 30 0 0
0 0 0 0 0 0 0 0 0 30 0 0
0 0 28 0 0 0 0 0 0 0 0 0
0 0 0 30 0 0 0 0 0 0 0 0
0 0 0 30 0 0 0 0 0 0 0 0
0 0 0 0 0 0 0 0 0 30 0 0
0 0 0 0 0 0 0 0 0 30 0 0
0 0 0 30 0 0 0 0 0 0 0 0
0 0 0 30 0 0 0 0 0 0 0 0
0 0 28 0 0 0 0 0 0 0 0 0
0 0 0 0 0 0 0 0 0 30 0 0
0 0 28 0 0 0 0 0 0 0 0 0
0 0 0 30 0 0 0 0 0 0 0 0
0 0 0 0 0 0 0 0 28 0 0 0
0 0 0 0 0 0 0 0 0 30 0 0
0 0 0 30 0 0 0 0 0 0 0 0
0 0 0 0 0 0 0 0 28 0 0 0
0 0 0 0 0 0 0 0 0 30 0 0
0 0 0 0 0 0 0 0 28 0 0 0
0 0 0 30 0 0 0 0 0 0 0 0
0 0 0 0 0 0 0 0 28 0 0 0
0 0 0 0 0 0 0 0 0 30 0 0
0 0 0 30 0 0 0 0 0 0 0 0
0 0 0 0 0 0 0 0 0 30 0 0
42 45
