100 97
0 0 0 0 0 0 0 0 0 0 34 0
0 0 0 0 0 0 0 0 0 0 0 53
0 0 0 0 0 0 0 0 0 0 34 0
0 0 0 0 0 53 0 0 0 0 0 0
0 0 0 0 0 0 0 0 0 0 0 53
0 0 0 0 0 0 0 0 0 0 34 0
0 0 0 0 0 53 0 0 0 0 0 0
0 0 0 0 0 0 0 0 0 0 0 53
0 0 0 0 0 0 0 0 0 0 34 0
0 0 0 0 0 0 0 0 0 0 34 0
0 0 0 0 0 0 0 0 0 0 0 53
0 0 0 0 0 0 0 0 0 0 34 0
0 0 0 0 0 0 0 0 0 0 0 53
0 0 0 0 0 0 0 0 0 0 0 53
0 0 0 0 0 53 0 0 0 0 0 0
0 0 0 0 0 0 0 0 0 0 0 53
0 0 0 0 34 0 0 0 0 0 0 0
0 0 0 0 0 53 0 0 0 0 0 0
0 0 0 0 34 0 0 0 0 0 0 0
0 0 0 0 0 0 0 0 0 0 34 0
0 0 0 0 34 0 0 0 0 0 0 0
0 0 0 0 34 0 0 0 0 0 0 0
0 0 0 0 34 0 0 0 0 0 0 0
0 0 0 0 0 0 0 0 0 0 34 0
0 0 0 0 34 0 0 0 0 0 0 0
0 0 0 0 0 0 0 0 0 0 0 53
0 0 0 0 0 0 0 0 0 0 34 0
0 0 0 0 34 0 0 0 0 0 0 0
0 0 0 0 0 0 0 0 0 0 34 0
0 0 0 0 0 53 0 0 0 0 0 0
0 0 0 0 0 53 0 0 0 0 0 0
0 0 0 0 0 0 0 0 0 0 0 53
0 0 0 0 34 0 0 0 0 0 0 0
0 0 0 0 0 0 0 0 0 0 0 53
0 0 0 0 0 53 0 0 0 0 0 0
0 0 0 0 0 0 0 0 0 0 0 53
0 0 0 0 34 0 0 0 0 0 0 0
0 0 0 0 0 0 0 0 0 0 34 0
0 0 0 0 0 0 0 0 0 0 34 0
0 0 0 0 0 53 0 0 0 0 0 0
0 0 0 0 0 53 0 0 0 0 0 0
0 0 0 0 34 0 0 0 0 0 0 0
0 0 0 0 0 0 0 0 0 0 0 53
0 0 0 0 0 0 0 0 0 0 0 53
0 0 0 0 0 53 0 0 0 0 0 0
0 0 0 0 34 0 0 0 0 0 0 0
0 0 0 0 34 0 0 0 0 0 0 0
0 0 0 0 34 0 0 0 0 0 0 0
0 0 0 0 0 53 0 0 0 0 0 0
0 0 0 0 34 0 0 0 0 0 0 0
0 0 0 0 0 0 0 0 0 0 0 53
0 0 0 0 0 0 0 0 0 0 0 53
0 0 0 0 0 53 0 0 0 0 0 0
0 0 0 0 34 0 0 0 0 0 0 0
0 0 0 0 34 0 0 0 0 0 0 0
0 0 0 0 0 0 0 0 0 0 0 53
0 0 0 0 0 0 0 0 0 0 0 53
0 0 0 0 34 0 0 0 0 0 0 0
0 0 0 0 0 0 0 0 0 0 34 0
0 0 0 0 0 53 0 0 0 0 0 0
0 0 0 0 0 0 0 0 0 0 34 0
0 0 0 0 0 0 0 0 0 0 0 53
0 0 0 0 0 0 0 0 0 0 0 53
0 0 0 0 0 0 0 0 0 0 0 53
0 0 0 0 0 0 0 0 0 0 0 53
0 0 0 0 0 0 0 0 0 0 34 0
0 0 0 0 0 0 0 0 0 0 0 53
0 0 0 0 34 0 0 0 0 0 0 0
0 0 0 0 0 0 0 0 0 0 34 0
0 0 0 0 0 53 0 0 0 0 0 0
0 0 0 0 0 0 0 0 0 0 34 0
0 0 0 0 0 0 0 0 0 0 34 0
0 0 0 0 0 0 0 0 0 0 0 53
0 0 0 0 34 0 0 0 0 0 0 0
0 0 0 0 0 53 0 0 0 0 0 0
0 0 0 0 34 0 0 0 0 0 0 0
0 0 0 0 0 0 0 0 0 0 34 0
0 0 0 0 0 0 0 0 0 0 34 0
0 0 0 0 0 53 0 0 0 0 0 0
0 0 0 0 34 0 0 0 0 0 0 0
0 0 0 0 0 0 0 0 0 0 0 53
0 0 0 0 0 53 0 0 0 0 0 0
0 0 0 0 0 53 0 0 0 0 0 0
0 0 0 0 0 53 0 0 0 0 0 0
0 0 0 0 0 0 0 0 0 0 0 53
0 0 0 0 34 0 0 0 0 0 0 0
0 0 0 0 0 0 0 0 0 0 0 53
0 0 0 0 0 0 0 0 0 0 0 53
0 0 0 0 0 0 0 0 0 0 34 0
0 0 0 0 0 53 0 0 0 0 0 0
0 0 0 0 34 0 0 0 0 0 0 0
0 0 0 0 0 53 0 0 0 0 0 0
0 0 0 0 0 53 0 0 0 0 0 0
0 0 0 0 0 53 0 0 0 0 0 0
0 0 0 0 34 0 0 0 0 0 0 0
0 0 0 0 34 0 0 0 0 0 0 0
0 0 0 0 34 0 0 0 0 0 0 0
0 0 0 0 0 0 0 0 0 0 0 53
0 0 0 0 0 53 0 0 0 0 0 0
0 0 0 0 0 0 0 0 0 0 0 53
46 93
