100 97
78 75 48 56 6 69 30 4 24 23 66 10
93 83 63 64 21 77 45 12 39 31 81 18
22 55 89 33 47 46 35 78 65 0 10 84
61 24 31 5 86 18 13 50 7 69 49 56
63 55 33 33 88 46 76 78 9 0 51 84
38 24 8 2 63 15 51 47 81 66 26 53
35 86 5 67 60 80 48 18 78 34 23 21
68 38 38 19 93 32 20 64 14 83 56 70
29 90 96 71 54 84 78 19 72 38 17 25
60 13 91 91 49 7 37 39 67 58 12 45
75 83 9 64 64 77 52 12 82 31 27 18
73 89 7 70 62 83 50 18 80 37 25 24
87 37 57 15 15 28 3 60 33 79 75 66
30 39 0 17 55 30 43 62 73 81 18 68
5 31 72 12 30 25 54 57 48 76 90 63
28 12 95 87 53 3 41 35 71 54 16 41
25 68 56 49 14 62 2 94 32 16 74 3
72 25 42 6 0 19 24 51 18 70 60 57
38 64 8 45 63 58 51 93 81 12 26 96
68 25 38 3 93 16 81 48 14 67 56 54
33 3 64 81 22 94 10 29 40 48 82 35
18 81 49 62 7 75 92 10 25 29 67 16
54 91 24 72 79 85 67 23 0 39 42 26
5 35 72 13 30 26 18 58 48 77 90 64
36 57 6 35 61 48 49 80 79 2 24 86
89 18 23 96 78 12 66 44 96 63 41 50
13 40 80 18 38 31 26 63 56 82 1 69
38 15 8 90 63 6 51 38 81 57 26 44
36 48 6 26 61 39 49 71 79 90 24 77
59 29 29 7 84 20 72 52 5 71 47 58
21 56 52 37 10 50 95 82 28 4 70 88
9 15 40 93 95 9 83 41 16 60 58 47
19 96 86 74 44 87 32 22 62 41 7 28
67 12 37 87 92 3 80 35 13 54 55 41
39 21 9 96 64 12 52 44 82 63 27 50
12 44 79 25 37 38 25 73 55 89 0 76
0 47 31 28 86 41 74 73 7 92 49 79
19 2 86 77 44 90 32 25 62 44 7 31
45 48 15 29 70 42 58 77 88 93 33 80
16 23 83 4 41 17 65 49 59 68 4 55
92 14 62 92 20 8 8 43 38 59 80 46
54 91 24 72 79 85 67 23 0 39 42 26
22 1 89 79 47 92 71 27 65 46 10 33
13 45 80 23 38 36 26 68 56 87 1 74
13 84 80 62 38 75 26 10 56 29 1 16
93 29 63 10 21 23 45 55 39 74 81 61
54 22 85 3 43 16 31 48 61 67 6 54
28 28 95 6 53 19 41 51 71 70 16 57
60 79 91 60 49 73 37 8 67 27 12 14
42 76 12 57 67 70 91 5 85 24 30 11
29 68 96 49 54 62 78 94 72 16 17 3
62 27 32 8 87 21 14 53 8 72 50 59
54 8 24 86 79 2 67 37 0 53 42 40
17 84 84 65 42 78 66 13 60 32 5 19
94 10 64 88 22 4 10 39 40 55 82 42
41 51 11 32 66 45 54 80 84 96 29 83
12 68 43 49 1 62 86 94 19 16 61 3
78 61 48 42 6 55 91 90 24 9 66 93
74 4 44 82 2 95 26 30 20 49 62 36
96 15 66 90 24 6 12 38 42 57 84 44
71 33 5 14 60 27 48 59 78 78 23 65
64 3 34 78 89 91 77 26 10 45 52 32
84 33 54 14 12 27 36 59 30 78 72 65
62 87 32 68 87 81 75 19 8 35 50 22
37 14 7 92 62 8 86 40 80 59 25 46
72 37 42 18 0 31 85 66 18 82 60 69
49 31 80 12 38 25 26 57 56 76 1 63
2 52 33 33 88 46 76 78 9 0 51 84
17 21 84 2 42 15 30 50 60 66 5 53
22 43 89 24 47 37 71 69 65 88 10 75
74 1 44 79 2 92 87 30 20 46 62 33
81 69 51 50 9 63 94 1 27 17 69 4
24 68 91 49 49 62 73 94 67 16 12 3
87 91 57 72 15 85 39 20 33 39 75 26
72 54 6 35 61 48 49 80 79 2 24 86
73 81 43 62 1 75 86 13 19 29 61 16
55 31 25 9 80 22 68 54 1 73 43 60
16 87 47 68 5 81 90 16 23 35 65 22
79 73 49 54 7 67 31 2 25 21 67 8
79 31 49 12 7 25 31 57 25 76 67 63
45 14 76 92 34 8 22 40 52 59 94 46
86 83 56 64 14 77 2 15 32 31 74 18
64 71 95 52 53 65 41 0 71 19 16 6
61 80 31 58 86 71 74 6 7 25 49 12
17 79 84 60 42 73 66 8 60 27 5 14
16 91 83 69 41 82 29 17 59 36 4 23
13 82 44 63 2 76 87 11 20 30 62 17
18 96 85 77 43 90 31 28 61 44 6 31
42 24 73 5 31 18 19 50 49 69 91 56
45 80 76 61 34 74 22 9 52 28 94 15
88 36 58 17 16 30 40 62 34 81 76 68
60 20 30 1 85 14 12 46 6 65 48 52
81 96 51 77 9 90 33 25 27 44 69 31
92 42 62 20 20 33 8 65 38 84 80 71
65 8 35 83 90 96 78 31 11 50 53 37
53 7 23 85 78 1 5 33 96 52 41 39
5 83 72 64 30 77 54 12 48 31 90 18
19 47 86 28 44 41 68 73 62 92 7 79
47 33 17 14 72 27 60 62 90 78 35 65
32 69 2 50 57 63 45 1 75 17 20 4
65 92
