100 97
67 73 33 0 39 0 85 15 25 59 16 88
48 24 11 17 20 48 66 63 6 10 94 39
31 10 94 34 3 34 49 49 86 93 77 25
87 5 50 95 59 29 8 44 45 88 36 20
55 16 18 9 27 40 73 55 13 2 4 31
87 50 53 74 59 74 8 89 45 36 36 65
48 21 11 14 20 45 66 60 6 7 94 36
52 23 15 16 24 47 70 62 10 9 1 38
85 50 51 74 57 74 6 89 43 36 34 65
17 92 80 19 86 19 35 34 72 78 63 10
18 4 81 28 87 28 36 43 73 87 64 19
2 69 65 93 71 93 20 11 57 55 48 84
18 80 81 7 87 7 36 22 73 66 64 95
82 66 48 90 54 90 3 8 40 52 31 81
63 44 26 37 35 68 81 83 21 30 12 59
62 2 28 26 34 26 80 41 20 85 11 17
24 15 84 8 93 39 42 54 79 1 70 30
37 37 0 30 9 61 55 76 92 23 83 52
36 68 96 61 8 92 54 10 91 54 82 83
51 11 17 35 23 35 69 50 9 94 0 26
3 30 66 54 72 54 21 69 58 16 49 45
24 55 84 48 93 79 42 94 79 41 70 70
57 75 23 2 29 2 75 17 15 61 6 90
44 37 10 61 16 61 62 76 2 23 90 52
46 38 9 31 18 62 64 77 4 24 92 53
60 23 26 47 32 47 78 62 18 9 9 38
35 30 95 23 7 54 53 69 90 16 81 45
63 73 29 0 35 0 81 15 21 59 12 88
37 80 0 73 9 7 55 22 92 66 83 95
54 67 20 91 26 91 72 9 12 53 3 82
30 18 90 11 2 42 48 57 85 4 76 33
76 46 42 70 48 70 94 85 34 32 25 61
48 5 14 29 20 29 66 44 6 88 94 20
24 65 84 58 93 89 42 7 79 51 70 80
91 50 57 74 63 74 12 89 49 36 40 65
95 0 58 90 67 24 16 39 53 83 44 15
0 7 63 31 69 31 18 46 55 90 46 22
27 24 90 48 96 48 45 63 82 10 73 39
68 25 31 18 40 49 86 64 26 11 17 40
83 4 49 28 55 28 4 43 41 87 32 19
75 87 38 80 47 14 93 29 33 73 24 5
78 0 41 90 50 24 96 39 36 83 27 15
77 90 43 17 49 17 95 32 35 76 26 8
92 30 55 23 64 54 13 69 50 16 41 45
3 68 66 92 72 92 21 10 58 54 49 83
96 13 62 37 68 37 17 52 54 96 45 28
64 36 30 60 36 60 82 75 22 22 13 51
52 79 15 72 24 6 70 21 10 65 1 94
39 25 5 49 11 49 57 64 94 11 85 40
22 69 82 62 91 93 40 11 77 55 68 84
3 14 63 67 72 38 21 53 58 37 49 29
68 3 31 56 40 27 86 42 26 26 17 18
79 22 42 75 51 46 0 61 37 45 28 37
65 66 28 22 37 90 83 8 26 23 14 81
65 39 28 92 37 63 83 78 23 62 14 54
44 25 7 78 16 49 62 64 2 48 90 40
5 46 65 2 74 70 23 85 60 69 51 61
45 64 8 20 17 88 63 6 6 21 91 79
6 42 66 95 75 66 24 81 64 96 52 57
39 30 2 83 11 54 57 69 94 53 85 45
23 27 83 80 92 51 41 66 81 81 69 42
15 26 75 79 84 50 33 65 70 49 61 41
42 32 5 85 14 56 60 71 3 86 88 47
87 37 50 90 59 61 8 76 48 91 36 52
65 36 28 89 37 60 83 75 23 59 14 51
72 76 35 32 44 3 90 18 30 2 21 91
64 3 27 56 36 27 82 42 22 26 13 18
21 69 81 25 90 93 39 11 76 92 67 84
34 65 94 21 6 89 52 7 89 88 80 80
59 7 22 60 31 31 77 46 20 61 8 22
93 65 56 21 65 89 14 7 54 22 42 80
55 64 18 20 27 88 73 6 13 87 4 79
87 42 50 95 59 66 8 81 45 65 36 57
67 52 30 8 39 76 85 91 25 75 16 67
62 37 25 90 34 61 80 76 20 60 11 52
67 59 30 15 39 83 85 1 25 82 16 74
84 10 47 63 56 34 5 49 45 64 33 25
56 6 19 59 28 30 74 45 14 29 5 21
3 18 63 71 72 42 21 57 61 72 49 33
25 28 85 81 94 52 43 67 83 82 71 43
38 50 1 6 10 74 56 89 96 7 84 65
14 3 74 56 83 27 32 42 69 26 60 18
31 5 91 58 3 29 49 44 89 59 77 20
17 71 77 27 86 95 35 13 72 94 63 86
45 1 8 54 17 25 63 40 6 55 91 16
72 15 35 68 44 39 90 54 33 69 21 30
68 25 31 78 40 49 86 64 26 48 17 40
88 46 51 2 60 70 9 85 46 69 37 61
7 84 67 40 76 11 25 26 65 41 53 2
26 43 86 96 95 67 44 82 81 66 72 58
63 75 26 31 35 2 81 17 24 32 12 90
49 31 12 84 21 55 67 70 7 54 95 46
75 63 38 19 47 87 93 5 36 20 24 78
11 95 71 51 80 22 29 37 66 21 57 13
72 70 35 26 44 94 90 12 33 27 21 85
63 24 26 77 35 48 81 63 24 78 12 39
19 12 79 65 88 36 37 51 74 35 65 27
4 31 64 84 73 55 22 70 59 54 50 46
57 11 20 64 29 35 75 50 18 65 6 26
66 15 29 68 38 39 84 54 27 69 15 30
51 31
