100 97
46 38 60 72 14 44 24 79 45 45 56 73
94 40 73 22 62 46 72 81 93 47 7 75
89 34 6 68 57 40 67 75 88 41 2 69
26 1 5 80 91 7 4 42 25 8 36 36
62 27 41 9 30 33 40 68 61 34 72 62
64 12 43 91 32 18 42 53 63 19 74 47
19 45 33 79 84 51 94 86 18 52 29 80
80 82 59 19 48 88 58 26 79 37 90 20
12 60 88 94 77 66 87 4 11 15 22 95
86 4 3 38 54 10 64 45 85 11 96 39
7 57 83 91 72 63 82 1 6 12 17 92
30 17 44 51 95 23 8 58 29 24 40 52
53 46 67 80 21 52 31 87 52 53 63 81
59 11 38 90 27 17 37 52 58 18 69 46
42 12 21 46 10 18 20 53 41 64 52 47
25 71 4 53 90 77 3 15 24 78 35 9
30 48 44 82 95 54 8 89 29 55 40 83
37 16 16 50 5 22 15 57 36 68 47 51
59 89 73 26 27 95 37 33 58 96 69 27
35 48 14 82 3 54 13 89 34 3 45 83
27 17 6 51 92 23 5 58 26 69 37 52
44 86 23 68 12 92 22 30 43 93 54 24
20 44 96 78 85 50 95 85 54 51 30 79
81 22 95 56 49 28 59 63 80 29 91 57
53 23 32 57 21 29 31 64 87 30 63 58
30 16 9 50 95 22 8 57 64 23 40 51
32 63 11 45 0 69 10 7 31 70 42 1
68 91 47 28 36 0 46 35 67 46 78 29
59 8 38 87 27 14 37 49 58 15 69 43
64 26 78 60 32 32 42 67 63 33 74 61
89 7 6 41 57 13 67 48 88 14 2 42
87 21 66 55 55 27 65 62 86 73 0 56
46 51 25 33 14 57 24 92 45 58 56 86
27 58 6 40 92 64 5 2 26 65 37 93
5 12 81 46 70 18 80 53 4 64 15 47
44 30 58 64 12 36 22 71 43 37 54 65
34 21 13 55 2 27 12 62 33 73 44 56
25 21 4 55 90 27 3 62 59 28 35 56
88 9 5 43 56 15 66 50 87 16 1 44
2 93 78 30 67 2 77 37 36 3 12 31
36 68 50 5 4 74 14 12 35 75 46 6
34 37 13 71 2 43 12 78 33 89 44 72
28 10 7 44 93 16 6 51 62 17 38 45
67 88 46 25 35 94 45 32 66 43 77 26
95 46 74 80 63 52 73 87 94 1 8 81
70 36 49 70 38 42 48 77 69 88 80 71
14 33 90 67 79 39 89 74 48 40 24 68
93 92 72 29 61 1 71 36 92 47 6 30
36 76 50 13 4 82 14 20 35 83 46 14
44 7 23 41 12 13 22 48 43 59 54 42
62 86 41 68 30 92 40 30 61 93 72 24
63 15 77 49 31 21 41 56 62 22 73 50
54 53 33 87 22 59 32 94 88 60 64 88
8 16 84 50 73 22 83 57 42 23 18 51
19 89 95 71 84 95 94 33 18 96 29 27
20 36 96 70 85 42 95 77 54 43 30 71
92 43 71 77 60 49 70 84 29 50 5 78
44 74 23 56 12 80 22 18 43 81 54 12
41 17 20 51 9 23 19 58 40 69 51 52
11 46 25 80 76 52 86 87 10 53 21 81
61 62 40 44 29 68 39 6 60 69 71 0
88 2 67 36 56 8 66 43 25 9 1 37
92 41 9 75 60 47 70 82 91 48 5 76
47 1 26 35 15 7 25 42 46 53 57 36
4 26 18 60 69 32 79 67 3 33 14 61
96 48 75 82 64 54 74 89 95 3 9 83
79 54 58 88 47 60 57 95 16 61 89 89
37 76 51 13 5 82 15 20 36 83 47 14
43 19 22 1 11 25 21 60 42 26 53 54
30 47 44 81 95 53 8 88 29 54 40 82
88 51 67 33 56 57 66 92 87 58 1 86
36 96 15 33 4 5 14 40 70 6 46 34
25 76 4 58 90 82 3 20 24 83 35 14
3 68 79 5 68 74 78 12 2 23 13 6
56 91 35 28 24 0 34 35 90 1 66 29
40 50 19 84 8 56 18 91 39 5 50 85
38 12 52 46 6 18 16 53 37 19 48 47
53 48 67 82 21 54 31 89 52 55 63 83
49 63 28 0 17 69 27 7 48 18 59 1
71 66 50 3 39 72 49 10 8 73 81 4
66 36 45 70 34 42 44 77 3 43 76 71
67 22 46 56 35 28 45 63 66 74 77 57
88 37 67 19 56 43 66 78 87 44 1 72
25 83 39 20 90 89 3 27 24 90 35 21
65 57 44 39 33 63 43 1 64 64 75 92
17 46 93 80 82 52 92 87 16 1 27 81
83 15 0 49 51 21 61 56 82 22 93 50
77 65 91 2 45 71 55 9 76 72 87 3
38 95 17 32 6 4 16 39 37 50 48 33
83 46 62 80 51 52 61 87 20 53 93 81
79 45 93 79 47 51 57 86 78 52 89 80
51 52 30 86 19 58 29 93 85 59 61 87
52 9 31 43 20 15 30 50 86 16 62 44
65 54 44 88 33 60 43 95 2 61 75 89
0 83 76 65 65 89 75 27 96 90 10 21
69 33 83 67 37 39 47 74 68 40 79 68
2 14 78 48 67 20 77 55 36 21 12 49
7 59 83 93 72 65 82 3 6 14 17 94
30 71 44 8 95 77 8 15 29 78 40 9
5 18 81 52 70 24 80 59 4 70 15 53
69 4
