100 97
14 41 87 24 64 24 65 41 89 58 15 17
36 89 12 72 86 72 87 89 14 9 37 65
70 44 46 27 71 27 24 44 48 61 71 61
39 5 15 85 89 85 90 5 17 22 88 22
61 61 37 44 62 44 15 61 39 78 62 78
32 56 8 39 82 39 83 56 10 73 33 32
48 1 24 81 1 40 2 1 26 18 49 18
77 83 53 66 30 66 31 83 55 3 29 3
28 38 4 21 78 21 79 38 6 55 77 55
15 52 88 35 65 91 66 52 90 69 16 69
59 73 35 56 60 56 13 73 37 90 60 90
37 60 13 43 87 43 88 60 15 77 86 77
95 22 71 5 96 5 49 22 73 39 96 39
54 55 30 38 7 38 8 55 32 72 6 72
1 60 74 43 2 43 52 60 76 77 2 77
83 47 59 30 84 30 37 47 61 64 84 64
31 19 7 2 81 2 82 19 9 36 32 92
89 52 65 35 42 91 43 52 67 69 90 69
95 82 71 65 96 65 49 82 73 2 96 2
51 83 27 66 4 66 5 83 29 3 52 59
35 88 11 71 85 30 86 88 13 8 36 8
26 69 2 52 76 11 77 69 4 86 27 86
84 28 60 11 37 11 38 28 62 45 85 4
7 95 80 78 57 37 58 95 82 15 8 15
17 23 90 6 67 6 68 23 92 40 66 40
21 55 94 38 71 38 72 55 96 72 22 31
66 67 42 50 19 50 20 67 44 84 18 84
18 49 91 32 68 32 69 49 93 66 67 66
93 26 69 9 46 65 47 26 71 43 94 43
10 32 83 15 60 15 61 32 85 49 11 8
11 17 84 0 61 0 62 17 86 34 60 34
48 88 24 71 1 71 2 88 26 8 0 8
52 40 28 23 5 79 6 40 30 57 53 57
13 79 86 62 63 62 64 79 88 96 14 55
30 94 6 77 31 77 81 94 8 14 31 14
70 66 46 49 71 49 24 66 48 83 71 83
4 91 77 74 54 33 55 91 79 11 5 11
10 14 83 94 60 94 61 14 85 31 59 31
35 71 11 54 85 54 86 71 13 88 36 47
0 23 73 6 50 6 51 23 75 40 49 40
19 10 92 90 20 90 70 10 94 27 20 27
74 33 50 16 27 72 28 33 52 50 75 50
15 38 88 21 16 21 66 38 90 55 16 55
74 13 50 93 27 93 28 13 52 30 26 30
8 67 81 50 9 50 59 67 83 84 9 84
84 0 60 80 37 39 38 0 62 17 85 17
14 7 87 87 64 46 65 7 89 24 15 24
28 6 4 86 78 86 79 6 6 23 29 79
34 0 10 80 35 80 85 0 12 17 35 17
66 40 42 23 67 23 20 40 44 57 67 57
78 53 54 36 31 36 32 53 56 70 30 70
32 5 8 85 82 85 83 5 10 22 33 78
23 85 96 68 73 68 74 85 1 5 24 61
23 47 96 30 73 30 74 47 1 64 72 64
36 19 12 2 86 2 87 19 14 36 85 36
9 59 82 42 10 42 60 59 84 76 10 76
21 74 94 57 71 57 72 74 96 91 70 91
63 29 39 12 16 68 17 29 41 46 64 46
95 56 71 39 48 39 49 56 73 73 47 73
32 15 8 95 33 95 83 15 10 32 33 32
31 11 7 91 81 91 82 11 9 28 32 84
74 16 50 96 27 96 28 16 52 33 26 33
65 35 41 18 66 18 19 35 43 52 66 52
62 79 38 62 15 62 16 79 40 96 63 55
24 80 0 63 74 22 75 80 2 0 25 0
0 40 73 23 50 23 51 40 75 57 49 57
23 81 96 64 73 64 74 81 1 1 72 1
21 47 94 30 71 86 72 47 96 64 22 64
81 78 57 61 82 61 35 78 59 95 82 95
75 6 51 86 76 86 29 6 53 23 76 23
8 25 81 8 58 64 59 25 83 42 9 42
16 22 89 5 66 5 67 22 91 39 17 95
22 80 95 63 72 22 73 80 0 0 23 0
76 16 52 96 29 96 30 16 54 33 77 89
47 84 23 67 0 26 1 84 25 4 48 4
88 12 64 92 41 92 42 12 66 29 40 29
42 96 18 79 92 79 93 96 20 16 43 72
57 27 33 10 10 66 11 27 35 44 58 44
15 44 88 27 65 27 66 44 90 61 64 61
53 68 29 51 54 51 7 68 31 85 54 85
59 16 35 96 12 96 13 16 37 33 60 89
58 41 34 24 11 80 12 41 36 58 59 58
0 57 73 40 50 40 51 57 75 74 1 33
22 29 95 12 72 68 73 29 0 46 23 46
51 61 27 44 52 44 5 61 29 78 52 78
64 4 40 84 17 43 18 4 42 21 65 21
33 41 9 24 83 80 84 41 11 58 34 58
26 39 2 22 76 22 77 39 4 56 27 15
50 91 26 74 3 74 4 91 28 11 2 11
38 12 14 92 39 92 89 12 16 29 39 29
5 40 78 23 55 23 56 40 80 57 54 57
50 38 26 21 3 21 4 38 28 55 2 55
84 13 60 93 37 52 38 13 62 30 85 30
67 0 43 80 68 80 21 0 45 17 68 17
18 62 91 45 19 45 69 62 93 79 19 79
24 35 0 18 74 74 75 35 2 52 25 52
81 86 57 69 82 69 35 86 59 6 82 6
8 67 81 50 58 50 59 67 83 84 57 84
55 9 31 89 8 89 9 9 33 26 56 82
37 44 13 27 87 27 88 44 15 61 86 61
82 77
