100 97
22 88 34 6 19 9 77 0 77 79 92 76
67 18 51 48 36 51 9 39 94 24 12 21
45 86 29 19 14 22 84 10 72 92 87 89
14 29 38 41 23 44 93 32 81 17 96 14
1 62 25 74 10 77 80 65 68 50 83 47
23 68 35 83 20 86 78 77 78 59 93 56
52 43 64 58 49 61 10 52 10 34 25 31
49 56 61 71 46 74 47 47 7 47 22 44
65 52 49 82 34 85 7 73 92 58 10 55
79 64 63 94 48 0 21 85 9 70 24 67
57 55 69 70 54 73 55 46 15 46 30 43
56 45 68 60 53 63 14 54 14 36 29 33
15 55 27 70 12 73 70 64 70 46 85 43
45 74 29 7 14 10 84 95 72 80 87 77
5 46 29 58 14 61 84 49 72 34 87 31
62 47 86 59 71 62 44 50 32 35 47 32
33 51 57 63 42 66 15 54 3 39 18 36
73 63 85 78 70 81 31 72 31 54 46 51
7 28 88 58 73 61 46 49 34 34 49 31
34 80 18 13 3 16 73 4 61 86 76 83
10 6 22 21 7 24 65 15 65 94 80 91
47 33 31 63 16 66 86 54 74 39 89 36
43 4 55 19 40 22 1 13 1 92 16 89
4 87 16 5 1 8 59 96 59 78 74 75
29 3 53 15 38 18 11 6 96 88 14 85
34 77 46 92 31 95 89 86 89 68 7 65
19 32 43 44 28 47 1 35 86 20 4 17
70 9 82 24 67 27 28 18 28 0 43 94
15 20 27 35 12 38 70 29 70 11 85 8
75 48 87 63 72 66 73 39 33 39 48 36
8 90 20 8 5 11 63 2 63 81 78 78
39 30 63 42 48 45 21 33 9 18 24 15
51 95 63 13 48 16 49 86 9 86 24 83
74 55 1 67 83 70 56 58 44 43 59 40
54 13 38 43 23 46 93 34 81 19 96 16
60 30 72 45 57 48 18 39 18 21 33 18
78 85 90 3 75 6 36 94 36 76 51 73
83 54 10 66 92 69 65 57 53 42 68 39
85 14 69 44 54 47 27 35 15 20 30 17
12 90 24 8 9 11 10 81 67 81 82 78
63 4 75 19 60 22 61 92 21 92 36 89
81 80 65 13 50 16 23 4 11 86 26 83
12 42 36 54 21 57 91 45 79 30 94 27
77 39 89 54 74 57 75 30 35 30 50 27
5 76 17 91 2 94 60 85 60 67 75 64
18 73 30 88 15 91 73 82 73 64 88 61
68 56 80 71 65 74 26 65 26 47 41 44
56 4 68 19 53 22 54 92 14 92 29 89
18 77 42 89 27 92 0 80 85 65 3 62
91 23 6 38 88 41 89 14 49 14 64 11
42 17 54 32 39 35 0 26 0 8 15 5
66 11 78 26 63 29 64 2 24 2 39 96
80 5 7 17 89 20 62 8 50 90 65 87
35 43 19 73 4 76 74 64 62 49 77 46
24 6 36 21 21 24 79 15 79 94 94 91
75 47 2 59 84 62 57 50 45 35 60 32
39 10 51 25 36 28 37 1 94 1 12 95
14 80 38 92 23 95 93 83 81 68 96 65
24 61 8 91 90 94 63 82 51 67 66 64
88 1 3 16 85 19 46 10 46 89 61 86
5 16 17 31 2 34 3 7 60 7 75 4
39 2 51 17 36 20 37 90 94 90 12 87
84 94 68 27 53 30 26 18 14 3 29 0
43 23 67 35 52 38 25 26 13 11 28 8
76 13 60 43 45 46 18 34 6 19 21 16
43 1 55 16 40 19 1 10 1 89 16 86
90 90 74 23 59 26 32 14 20 96 35 93
34 88 58 3 43 6 16 91 4 76 19 73
93 50 8 65 90 68 51 59 51 41 66 38
58 1 42 31 27 34 0 22 85 7 3 4
39 43 51 58 36 61 94 52 94 34 12 31
20 2 44 14 29 17 2 5 87 87 5 84
14 82 26 0 11 3 69 91 69 73 84 70
69 61 81 76 66 79 67 52 27 52 42 49
25 70 49 82 34 85 7 73 92 58 10 55
86 19 1 34 83 37 84 10 44 10 59 7
55 43 79 55 64 58 37 46 25 31 40 28
76 5 88 20 73 23 34 14 34 93 49 90
43 36 55 51 40 54 41 27 1 27 16 24
44 72 68 84 53 87 26 75 14 60 29 57
70 57 54 87 39 90 12 78 0 63 15 60
95 6 10 21 92 24 93 94 53 94 68 91
85 1 69 31 54 34 27 22 15 7 30 4
89 38 16 50 1 53 71 41 59 26 74 23
17 87 29 5 14 8 15 78 72 78 87 75
46 86 58 4 43 7 4 95 4 77 19 74
72 71 56 4 41 7 14 92 2 77 17 74
82 24 94 39 79 42 40 33 40 15 55 12
75 48 87 63 72 66 33 57 33 39 48 36
57 37 81 49 66 52 39 40 27 25 42 22
71 47 83 62 68 65 29 56 29 38 44 35
82 6 66 36 51 39 24 27 12 12 27 9
71 5 83 20 68 23 69 93 29 93 44 90
62 49 74 64 59 67 20 58 20 40 35 37
32 23 16 53 1 56 71 44 59 29 74 26
43 20 27 50 12 53 82 41 70 26 85 23
36 25 20 55 5 58 75 46 63 31 78 28
88 22 72 52 57 55 30 43 18 28 33 25
77 50 4 62 86 65 59 53 47 38 62 35
58 1 82 13 67 16 40 4 28 86 43 83
85 94
