100 97
34 42 77 96 6 3 3 80 43 93 17 89
15 24 44 48 70 52 53 2 10 45 81 41
22 72 18 1 44 5 27 52 81 95 55 91
5 24 1 50 27 54 10 4 64 47 38 43
7 14 50 68 76 72 9 50 16 65 87 61
70 40 2 64 28 68 11 18 65 61 39 57
31 57 27 83 53 87 36 37 90 80 64 76
74 28 6 52 32 56 15 6 69 49 43 45
49 50 92 7 21 11 51 86 58 4 32 0
7 65 3 91 29 95 12 45 66 88 40 84
70 32 66 58 92 62 75 12 32 55 6 51
20 15 63 69 89 73 22 51 29 66 3 62
66 56 12 13 38 17 68 92 75 10 49 6
43 22 72 46 1 50 81 0 38 43 12 39
19 92 62 49 88 53 21 31 28 46 2 42
7 74 50 31 76 35 73 15 16 28 87 24
10 72 39 96 65 3 48 50 5 93 76 89
50 96 46 25 72 29 55 76 12 22 83 18
20 75 49 2 75 6 58 53 15 96 86 92
31 49 74 6 3 10 0 87 40 3 14 96
64 31 93 55 22 59 5 9 59 52 33 48
31 47 74 4 3 8 33 83 40 1 14 94
80 26 12 50 38 54 21 4 75 47 49 43
42 6 71 30 0 34 80 81 37 27 11 23
13 13 9 39 35 43 18 90 72 36 46 32
29 1 25 27 51 31 34 78 88 24 62 20
50 42 46 68 72 72 55 22 12 65 83 61
1 22 44 76 70 80 3 58 10 73 81 69
89 62 85 88 14 92 94 42 51 85 25 81
30 23 26 49 52 53 35 3 89 46 63 42
10 30 53 84 79 88 12 66 19 81 90 77
61 85 7 42 33 46 63 24 70 39 44 35
77 72 23 29 49 33 46 13 86 26 60 22
93 85 39 42 65 46 62 26 5 39 76 35
91 57 37 14 63 18 93 93 3 11 74 7
92 0 38 54 64 58 94 36 4 51 75 47
3 82 96 11 25 15 8 62 62 8 36 4
27 58 70 15 96 19 93 96 36 12 10 8
3 63 46 20 72 24 69 4 12 17 83 13
83 5 29 59 55 63 85 41 92 56 66 52
48 24 91 78 20 82 50 60 57 75 31 71
17 51 60 8 86 12 83 89 26 5 0 1
8 1 4 27 30 31 13 78 67 24 41 20
34 54 30 80 56 84 39 34 93 77 67 73
51 46 47 72 73 76 56 26 13 69 84 65
44 12 73 36 2 40 82 87 39 33 13 29
69 76 15 33 41 37 38 17 78 30 52 26
62 91 8 48 34 52 64 30 71 45 45 41
47 67 76 91 5 95 85 45 42 88 16 84
56 34 2 88 28 92 58 70 65 85 39 81
56 25 2 79 28 83 58 61 65 76 39 72
89 75 35 32 61 36 91 14 1 29 72 25
14 91 57 48 83 52 80 32 23 45 94 41
73 21 69 47 95 51 78 1 35 44 9 40
37 66 33 92 59 96 42 46 96 89 70 85
89 48 35 5 61 9 91 84 1 2 72 95
71 74 17 31 43 35 40 15 80 28 54 24
23 27 19 53 45 57 28 7 82 50 56 46
68 45 14 2 40 6 70 81 77 96 51 92
28 36 71 90 0 94 94 74 37 87 11 83
94 42 90 68 19 72 2 22 56 65 30 61
42 96 38 25 64 29 47 76 4 22 75 18
35 9 78 63 7 67 37 45 44 60 18 56
26 14 55 38 81 42 64 89 21 35 92 31
41 83 37 12 63 16 46 63 3 9 74 5
64 20 93 44 22 48 5 95 59 41 33 37
95 3 41 57 67 61 64 41 7 54 78 50
48 76 91 33 20 37 50 15 57 30 31 26
96 37 42 91 68 95 65 75 8 88 79 84
17 78 46 5 72 9 55 56 12 2 83 95
49 75 78 2 7 6 87 53 44 96 18 92
4 17 33 41 59 45 42 92 96 38 70 34
80 93 76 22 5 26 85 73 42 19 16 15
58 65 4 22 30 26 27 6 67 19 41 15
53 89 96 46 25 50 55 28 62 43 36 39
17 84 46 11 72 15 55 62 12 8 83 4
42 40 85 94 14 1 11 78 51 91 25 87
33 92 29 21 55 25 38 72 92 18 66 14
75 41 7 65 33 69 16 19 70 62 44 58
62 77 58 6 84 10 67 57 24 3 95 96
33 8 76 62 5 66 35 44 42 59 16 55
74 84 6 11 32 15 15 62 69 8 43 4
23 24 52 48 78 52 61 2 18 45 89 41
18 30 61 84 87 88 84 68 27 81 1 77
7 41 3 67 29 71 12 21 66 64 40 60
80 20 26 74 52 78 49 58 89 71 63 67
69 44 1 68 27 72 10 22 64 65 38 61
11 81 54 38 80 42 77 22 20 35 91 31
14 44 57 1 83 5 16 80 23 95 94 91
69 37 15 91 41 95 71 73 78 88 52 84
42 88 85 45 14 49 11 29 51 42 25 38
90 2 36 56 62 60 92 38 2 53 73 49
72 23 18 77 44 81 74 59 81 74 55 70
63 60 9 17 35 21 65 96 72 14 46 10
94 58 90 84 19 88 2 38 56 81 30 77
68 17 14 71 40 75 37 55 77 68 51 64
66 44 95 68 24 72 7 22 61 65 35 61
82 36 78 62 7 66 87 16 44 59 18 55
69 17 65 43 91 47 74 94 31 40 5 36
0 82 43 39 69 43 2 21 9 36 80 32
11 87
