100 97
16 84 87 94 7 74 3 83 79 15 62 35
5 37 25 66 42 46 38 55 17 84 0 7
21 70 42 41 59 21 56 69 34 59 17 79
0 4 21 72 38 52 35 3 13 90 93 13
15 50 35 79 52 59 48 68 27 0 10 20
47 9 68 77 85 57 31 27 60 95 43 18
84 37 7 66 24 46 20 55 96 84 79 7
78 52 1 81 18 61 14 70 90 2 73 22
36 29 57 0 74 77 20 47 49 18 32 38
57 56 77 85 94 65 90 74 69 6 52 26
69 87 89 19 9 96 5 8 81 37 64 57
75 95 96 66 16 46 59 16 88 84 71 7
16 76 87 86 7 66 3 75 79 7 62 27
65 3 39 13 56 90 52 2 31 31 14 51
44 55 65 26 82 6 28 73 57 44 40 64
9 16 30 84 47 64 90 34 22 5 5 25
9 88 29 20 46 0 42 9 21 38 4 58
45 64 65 93 82 73 78 82 57 14 40 34
24 19 45 87 62 67 8 37 37 8 20 28
76 71 50 81 67 61 63 70 42 2 25 22
22 80 43 51 60 31 57 79 35 69 18 89
38 78 12 88 29 68 25 77 4 9 84 29
54 67 75 38 92 18 38 85 67 56 50 76
16 95 36 27 53 7 49 16 28 45 11 65
84 23 58 33 75 13 71 22 50 51 33 71
6 6 77 16 94 93 90 5 69 34 52 54
51 88 71 20 88 0 84 9 63 38 46 58
73 29 94 0 14 77 11 28 86 18 69 38
3 79 23 11 40 88 36 0 15 29 95 49
3 61 23 90 40 70 36 79 15 11 95 31
20 5 41 73 58 53 55 4 33 91 16 14
6 79 27 50 44 30 41 78 19 68 2 88
88 88 12 59 29 39 72 9 4 77 84 0
54 75 75 46 92 26 89 74 67 64 50 84
60 14 80 43 0 23 93 32 72 61 55 81
34 44 55 15 72 92 18 62 47 33 30 53
28 31 2 41 19 21 15 30 91 59 74 79
77 7 1 75 18 55 61 25 90 93 73 16
22 18 43 86 60 66 57 17 35 7 18 27
51 34 72 5 89 82 35 52 64 23 47 43
2 34 23 5 40 82 83 52 15 23 95 43
67 14 88 82 8 62 51 32 80 3 63 23
75 56 96 27 16 7 59 74 88 45 71 65
64 84 85 55 5 35 2 83 77 73 60 93
44 44 64 73 81 53 77 62 56 91 39 14
21 28 41 57 58 37 54 46 33 75 16 95
27 34 48 5 65 82 62 33 40 23 23 43
87 44 61 54 78 34 74 43 53 72 36 92
19 79 90 89 10 69 6 78 82 10 65 30
39 52 59 81 76 61 72 70 51 2 34 22
24 2 95 12 15 89 11 1 87 30 70 50
3 6 23 35 40 15 36 24 15 53 95 73
1 32 72 42 89 22 85 31 64 60 47 80
76 82 0 53 17 33 60 3 89 71 72 91
63 83 83 15 3 92 96 4 75 33 58 53
16 71 36 3 53 80 49 89 28 21 11 41
29 76 49 8 66 85 62 94 41 26 24 46
78 78 1 10 18 87 14 96 90 28 73 48
78 40 1 69 18 49 14 58 90 87 73 10
34 72 8 82 25 62 21 71 0 3 80 23
17 8 38 76 55 56 1 26 30 94 13 17
34 55 55 26 72 6 69 54 47 44 30 64
89 21 63 31 80 11 76 20 55 49 38 69
42 29 62 58 79 38 75 47 54 76 37 96
15 93 86 6 6 83 2 92 78 24 61 44
49 45 70 16 87 93 33 63 62 34 45 54
28 47 48 76 65 56 61 65 40 94 23 17
7 58 27 87 44 67 40 76 19 8 2 28
48 41 68 70 85 50 81 59 60 88 43 11
3 70 24 41 41 21 38 69 16 59 96 79
15 80 36 51 53 31 96 1 28 69 11 89
88 1 11 30 28 10 24 19 3 48 83 68
70 92 91 63 11 43 54 13 83 81 66 4
5 32 26 3 43 80 40 31 18 21 1 41
31 91 52 62 69 42 15 12 44 80 27 3
29 83 50 54 67 34 13 4 42 72 25 92
23 41 43 70 60 50 56 59 35 88 18 11
41 13 62 81 79 61 25 31 54 2 37 22
14 64 35 35 52 15 95 82 27 53 10 73
36 89 57 60 74 40 20 10 49 78 32 1
91 63 15 34 32 14 29 62 7 52 87 72
38 96 58 28 75 8 71 17 50 46 33 66
19 19 39 48 56 28 52 37 31 66 14 86
39 37 60 8 77 85 23 55 52 26 35 46
41 74 15 84 32 64 28 73 7 5 87 25
7 75 28 46 45 26 88 93 20 64 3 84
46 52 67 23 84 3 81 51 59 41 42 61
27 90 48 61 65 41 11 11 40 79 23 2
44 72 65 43 82 23 28 90 57 61 40 81
75 16 49 26 66 6 62 15 41 44 24 64
48 54 69 25 86 5 32 72 61 43 44 63
89 0 13 68 30 48 27 96 5 86 85 9
70 6 91 74 11 54 54 24 83 92 66 15
68 47 88 76 8 56 4 65 80 94 63 17
16 77 37 48 54 28 0 95 29 66 12 86
65 44 86 15 6 92 3 43 78 33 61 53
46 76 67 47 84 27 30 94 59 65 42 85
90 72 13 4 30 81 26 90 5 22 85 42
9 95 29 27 46 7 42 16 21 45 4 65
85 4 9 72 26 52 69 22 1 90 81 13
21 87
