100 97
65 61 91 2 52 92 84 47 22 53 0 16
19 44 45 82 6 75 38 30 37 78 51 96
59 96 85 37 46 30 78 82 16 88 91 51
34 26 85 53 21 57 53 12 27 71 66 78
66 7 56 89 53 38 85 90 59 52 1 59
36 58 87 85 23 89 55 44 29 6 68 13
44 45 70 83 31 76 63 31 62 79 76 0
96 23 25 61 83 54 18 9 17 57 31 75
11 56 1 41 95 87 30 42 4 4 43 11
66 9 56 91 53 40 85 92 59 54 1 61
7 27 58 54 91 58 26 13 0 72 39 79
18 30 8 15 5 61 37 16 11 75 50 82
18 38 44 76 5 69 37 24 36 72 50 90
36 17 62 55 23 48 55 3 54 51 68 69
35 91 61 32 22 25 54 77 53 28 67 46
66 69 92 10 53 3 85 55 23 61 1 24
28 72 18 57 15 6 47 58 21 20 60 27
90 95 44 25 77 29 12 81 83 43 25 50
65 2 91 40 52 33 84 85 22 91 0 54
64 11 18 38 51 42 83 94 57 56 96 63
15 68 5 53 2 2 34 54 8 16 47 23
42 30 93 57 29 61 61 16 35 75 74 82
44 84 70 25 31 18 63 70 62 21 76 39
10 20 36 58 94 51 29 6 64 12 42 72
46 31 36 16 33 62 65 17 39 76 78 83
1 68 52 95 85 2 20 54 91 16 33 23
17 35 7 20 4 66 36 21 10 80 49 87
91 68 81 53 78 2 13 54 84 16 26 23
95 48 24 86 82 79 17 34 16 82 30 3
63 60 17 87 50 91 82 46 56 8 95 15
23 56 13 41 10 87 42 42 16 4 55 11
9 81 96 66 93 15 28 67 2 29 41 36
72 28 1 66 59 59 91 14 90 62 7 80
28 50 18 35 15 81 47 36 21 95 60 5
93 90 83 75 80 24 15 76 86 38 28 45
43 3 69 41 30 34 62 86 0 92 75 55
84 36 38 63 71 67 6 22 77 81 19 88
91 66 45 93 78 0 13 52 84 14 26 21
69 49 23 76 56 80 88 35 62 94 4 4
44 48 95 75 31 79 63 34 37 93 76 3
7 95 33 36 91 29 26 81 25 32 39 50
30 60 81 87 17 91 49 46 23 8 62 15
19 70 45 11 6 4 38 56 73 62 51 25
57 96 11 26 44 30 76 82 50 44 89 51
58 90 84 31 45 24 77 76 15 82 90 45
62 44 16 71 49 75 81 30 55 89 94 96
90 46 80 31 77 77 12 32 83 91 25 1
26 96 52 37 13 30 45 82 44 33 58 51
37 52 88 79 24 83 56 38 30 0 69 7
54 62 80 3 41 93 73 48 11 54 86 17
84 39 13 77 71 70 6 25 41 31 19 91
9 29 35 67 93 60 28 15 63 21 41 81
40 52 91 79 27 83 59 38 33 0 72 7
13 20 39 58 0 51 32 6 67 12 45 72
90 55 19 93 77 86 12 41 11 89 25 10
31 2 57 40 18 33 50 85 49 36 63 54
35 49 61 87 22 80 54 35 53 83 67 4
41 15 67 53 28 46 60 1 95 7 73 67
72 50 1 88 59 81 91 36 29 42 7 5
65 58 19 85 52 89 84 44 58 6 0 13
4 40 30 78 88 71 23 26 58 32 36 92
7 55 33 93 91 86 26 41 25 89 39 10
73 38 27 65 60 69 92 24 66 83 8 90
64 71 90 12 51 5 83 57 82 8 96 26
39 65 65 6 26 96 58 51 57 2 71 20
29 30 55 68 16 61 48 16 83 22 61 82
48 17 2 44 35 48 67 3 41 62 80 69
53 11 79 49 40 42 72 94 71 45 85 63
45 72 35 57 32 6 64 58 38 20 77 27
78 41 7 79 65 72 0 27 96 75 13 93
81 39 10 77 68 70 3 25 2 73 16 91
68 80 94 21 55 14 87 66 86 17 3 35
39 65 65 6 26 96 58 51 57 2 71 20
82 77 72 62 69 11 4 63 75 25 17 32
85 80 14 21 72 14 7 66 6 17 20 35
67 0 21 27 54 31 86 83 60 45 2 52
22 1 48 39 9 32 41 84 76 90 54 53
74 50 3 88 61 81 93 36 92 84 9 5
96 7 86 89 83 38 18 90 89 52 31 59
14 22 65 49 1 53 33 8 7 67 46 74
29 43 55 81 16 74 48 29 83 35 61 95
25 85 76 15 12 19 44 71 18 33 57 40
81 80 10 21 68 14 3 66 2 17 16 35
91 65 20 6 78 96 13 51 12 2 26 20
35 96 61 37 22 30 54 82 89 88 67 51
52 32 42 17 39 63 71 18 45 77 84 84
96 93 25 34 83 27 18 79 53 85 31 48
24 5 50 43 11 36 43 88 78 94 56 57
85 65 39 92 72 96 7 51 78 13 20 20
60 79 14 9 47 13 79 65 53 27 92 34
29 39 55 77 16 70 48 25 47 73 61 91
70 36 24 63 57 67 89 22 63 81 5 88
22 49 48 87 9 80 41 35 76 41 54 4
95 8 85 90 82 39 17 91 88 53 30 60
24 75 14 60 11 9 43 61 17 23 56 30
32 27 22 12 19 58 51 13 25 72 64 79
64 2 18 29 51 33 83 85 57 47 96 54
68 95 94 36 55 29 87 81 86 32 3 50
65 64 19 91 52 95 84 50 58 12 0 19
31 39 82 66 18 70 50 25 24 84 63 91
73 47
