100 97
34 9 91 68 93 44 38 58 25 32 76 23
76 96 36 58 38 34 80 48 31 79 21 13
70 23 38 75 32 58 74 72 17 13 15 37
30 67 95 22 89 5 34 19 74 57 72 81
26 80 30 75 85 18 30 32 70 70 68 94
84 81 88 76 46 19 88 33 31 71 29 95
81 15 85 10 43 50 85 64 28 5 26 29
27 34 84 93 86 69 31 83 79 17 69 48
21 16 25 11 80 51 25 65 65 6 63 30
49 13 17 65 11 48 53 62 93 3 91 27
37 49 5 4 96 84 41 1 81 39 79 63
75 42 43 94 37 77 79 91 22 32 20 56
47 32 7 91 9 67 51 81 38 55 89 46
60 69 20 31 22 7 64 21 51 92 5 83
0 91 65 46 59 29 4 43 44 81 42 8
79 16 39 75 41 51 83 65 34 96 24 30
20 92 24 87 79 30 24 44 64 82 62 9
48 70 52 65 10 8 52 22 92 60 90 84
89 22 49 81 51 57 93 71 44 5 34 36
77 4 37 63 39 39 81 53 68 27 22 18
27 9 84 68 86 44 31 58 79 89 69 23
71 15 31 74 33 50 75 64 26 95 16 29
44 68 12 23 6 6 48 20 88 58 86 82
89 82 57 37 51 20 93 34 36 72 34 96
2 81 67 36 61 19 6 33 46 71 44 95
67 82 35 37 29 20 71 34 14 72 12 96
49 16 9 75 11 51 53 65 40 39 91 30
6 28 71 80 65 63 10 77 50 18 48 42
5 82 62 44 64 20 9 34 93 8 47 96
23 54 80 16 82 89 27 6 75 37 65 68
44 89 4 51 6 27 48 41 96 72 86 6
27 22 31 17 86 57 31 71 71 12 69 36
91 25 59 77 53 60 95 74 38 15 36 39
10 59 67 21 69 94 14 11 1 82 52 73
90 7 94 2 52 42 94 56 37 94 35 21
91 53 51 15 53 88 95 5 46 36 36 67
66 72 26 34 28 10 70 24 21 55 11 86
26 33 83 92 85 68 30 82 78 16 68 47
61 8 29 60 23 43 65 57 8 95 6 22
14 10 18 5 73 45 18 59 58 0 56 24
34 75 2 30 93 13 38 27 78 65 76 89
5 84 70 39 64 22 9 36 49 74 47 1
67 55 27 17 29 90 71 7 58 78 12 69
72 5 32 64 34 40 76 54 27 85 17 19
65 37 25 96 27 72 69 86 56 60 10 51
41 51 9 6 3 86 45 3 85 41 83 65
77 41 45 93 39 76 81 90 24 31 22 55
26 38 91 90 85 73 30 87 70 28 68 52
75 34 35 93 37 69 79 83 30 17 20 48
47 15 15 67 9 50 51 64 91 5 89 29
62 9 22 68 24 44 66 58 17 89 7 23
54 76 14 38 16 14 58 28 9 59 96 90
40 6 0 65 2 41 44 55 31 29 82 20
77 13 81 8 39 48 81 62 24 3 22 27
40 90 0 52 2 28 44 42 31 16 82 7
56 54 16 16 18 89 60 6 11 37 1 68
26 16 83 75 85 51 30 65 78 96 68 30
90 48 58 3 52 83 94 0 37 38 35 62
19 57 23 52 78 92 23 9 63 47 61 71
72 88 76 83 34 26 76 40 19 78 17 5
49 3 53 95 11 38 53 52 93 90 91 17
30 10 95 62 89 45 34 59 74 0 72 24
33 79 90 41 92 17 37 31 24 5 75 93
42 91 10 46 4 29 46 43 86 81 84 8
64 62 68 57 26 0 68 14 11 52 9 76
74 37 78 32 36 72 78 86 21 27 19 51
81 55 49 10 43 90 85 7 28 45 26 69
48 90 8 52 10 28 52 42 39 16 90 7
8 46 65 8 67 81 12 95 96 69 50 60
0 73 57 35 59 11 4 25 52 56 42 87
93 56 0 51 55 91 0 8 40 46 38 70
45 16 5 75 7 51 49 65 0 96 87 30
21 21 86 73 80 56 25 70 65 11 63 35
74 80 78 75 36 18 78 32 21 70 19 94
61 95 21 57 23 33 65 47 16 78 6 12
65 69 33 24 27 7 69 21 12 59 10 83
19 72 23 67 78 10 23 24 63 62 61 86
90 1 94 93 52 36 94 50 37 88 35 15
49 69 9 31 11 7 53 21 40 92 91 83
35 15 92 74 94 50 39 64 26 38 77 29
51 9 11 68 13 44 55 58 42 32 93 23
22 4 79 63 81 39 26 53 13 27 64 18
26 5 83 64 85 40 30 54 17 28 68 19
10 5 14 0 69 40 14 54 54 92 52 19
34 7 91 66 93 42 38 56 86 87 76 21
67 62 27 24 29 0 71 14 58 85 12 76
74 42 42 94 36 77 78 91 21 32 19 56
83 60 43 22 45 95 87 12 74 83 28 74
13 1 70 60 72 36 17 50 65 81 55 15
96 91 64 46 58 29 3 43 43 81 41 8
62 93 22 55 24 31 66 45 17 76 7 10
34 35 38 30 93 70 38 84 78 25 76 49
30 67 87 29 89 5 34 19 21 90 72 81
81 61 85 56 43 96 85 13 28 51 26 75
90 78 50 40 52 16 94 30 81 4 35 92
74 33 34 92 36 68 78 82 29 16 19 47
93 56 61 11 55 91 0 8 40 46 38 70
0 55 57 17 59 90 4 7 88 78 42 69
37 66 94 28 96 4 41 18 28 89 79 80
79 48 39 10 41 83 83 0 70 71 24 62
80 51
