100 97
94 31 50 6 61 54 19 30 8 57 52 7
13 83 66 58 77 9 35 82 95 54 68 59
56 49 54 26 23 72 78 48 25 73 14 25
39 44 11 63 6 67 61 43 8 68 94 20
11 67 64 42 75 90 33 66 93 38 66 43
18 28 16 5 82 51 40 27 84 52 73 4
27 24 25 1 91 47 49 23 93 48 82 0
69 23 25 95 36 46 91 22 80 49 27 96
28 1 81 73 92 24 50 0 13 69 83 74
22 59 91 78 86 82 44 58 88 83 77 35
71 6 27 78 38 29 93 5 82 32 29 79
34 11 87 83 1 34 56 10 45 37 89 84
48 5 4 77 15 28 70 4 33 73 6 78
42 74 14 93 9 0 64 73 11 1 0 50
29 14 1 33 93 37 51 13 95 38 84 87
24 53 22 30 88 76 46 52 90 77 79 29
13 8 66 80 77 31 35 7 95 76 68 81
28 74 26 51 92 0 50 73 94 1 83 50
15 26 13 3 79 49 37 25 81 50 70 2
31 15 29 89 95 38 53 14 0 39 86 88
43 13 15 32 10 36 65 12 12 37 1 86
17 53 15 30 81 76 39 52 83 77 72 29
50 54 6 29 17 77 72 53 61 80 8 30
32 27 30 4 96 50 54 26 1 51 87 3
91 74 47 49 58 0 16 73 5 3 49 50
17 24 70 96 81 47 39 23 2 92 72 0
70 80 42 2 37 6 92 79 39 7 28 56
54 75 10 50 21 1 76 74 39 46 12 51
32 37 4 56 96 60 54 36 1 61 87 13
10 42 63 17 74 65 32 41 21 68 65 18
29 54 82 29 93 77 51 53 14 25 84 30
43 47 96 22 10 70 65 46 54 73 1 23
48 91 4 66 15 17 70 90 59 20 6 67
18 88 71 63 82 14 40 87 29 17 73 64
55 49 11 24 22 72 77 48 66 75 13 25
28 65 81 40 92 88 50 64 13 36 83 41
11 86 80 8 75 12 33 85 77 13 66 62
43 45 96 20 10 68 65 44 28 16 1 21
13 18 66 90 77 41 35 17 95 86 68 91
41 80 94 55 8 6 63 79 52 9 96 56
9 66 62 41 73 89 31 65 91 37 64 42
72 46 28 21 39 69 94 45 83 72 30 22
19 80 72 55 83 6 41 79 30 9 74 56
61 49 59 26 28 72 83 48 30 73 19 25
47 68 19 87 14 91 69 67 16 92 5 44
58 33 14 8 25 56 80 32 69 59 16 9
21 53 90 72 85 76 43 52 87 77 76 29
4 59 73 78 68 82 26 58 70 83 59 35
31 62 3 81 95 85 53 61 0 86 86 38
10 21 63 93 74 44 32 20 21 47 65 94
43 62 96 37 10 85 65 61 54 88 1 38
0 7 95 81 64 30 22 6 66 31 55 80
88 56 44 31 55 79 13 55 2 82 46 32
85 63 57 82 52 86 10 62 54 87 43 39
68 15 40 34 35 38 90 14 37 39 26 88
36 28 8 47 3 51 58 27 5 52 91 4
5 72 58 47 69 95 27 71 87 43 60 48
65 91 21 66 32 17 87 90 76 20 23 67
14 36 83 55 78 59 36 35 80 60 69 12
87 10 59 29 54 33 12 9 56 34 45 83
82 29 54 48 49 52 7 28 51 53 40 5
77 12 33 84 44 35 2 11 62 80 35 85
12 38 81 57 76 61 34 37 78 62 67 14
45 82 17 4 12 8 67 81 14 9 3 58
92 68 48 43 59 91 17 67 77 39 50 44
15 8 84 27 79 31 37 7 81 32 70 81
79 40 35 15 46 63 4 39 64 11 37 16
51 73 7 48 18 96 73 72 36 44 9 49
7 67 5 44 71 90 29 66 73 91 62 43
87 29 43 4 54 52 12 28 1 55 45 5
53 86 9 61 20 12 75 85 38 57 11 62
37 92 9 14 4 18 59 91 6 19 92 68
36 11 8 30 3 34 58 10 5 35 91 84
60 82 58 59 27 8 82 81 29 9 18 58
91 3 63 22 58 26 16 2 60 27 49 76
59 73 57 50 26 96 81 72 28 0 17 49
94 47 50 22 61 70 19 46 79 18 52 23
55 93 11 68 22 19 77 92 66 22 13 69
9 79 62 54 73 5 31 78 91 50 64 55
41 40 94 15 8 63 63 39 26 11 96 16
68 37 66 14 35 60 90 36 37 61 26 13
82 81 54 3 49 7 7 80 51 8 40 57
38 25 36 2 5 48 60 24 7 49 93 1
34 0 87 72 1 23 56 96 45 26 89 73
32 13 85 85 96 36 54 12 17 81 87 86
51 6 49 80 18 29 73 5 20 30 9 79
72 12 44 31 39 35 94 11 41 36 30 85
80 88 36 63 47 14 5 87 91 17 38 64
53 12 9 84 20 35 75 11 38 80 11 85
96 29 68 48 63 52 21 28 65 53 54 5
10 32 79 51 74 55 32 31 76 56 65 8
35 55 7 74 2 78 57 54 4 79 90 31
52 68 8 43 19 91 74 67 37 39 10 44
64 19 62 93 31 42 86 18 33 43 22 92
19 91 72 66 83 17 41 90 4 62 74 67
95 24 67 43 62 47 20 23 64 48 53 0
59 86 57 63 26 12 81 85 28 13 17 62
52 39 8 14 19 62 74 38 37 10 10 15
1 17 96 91 65 40 23 16 67 41 56 90
32 90 85 65 96 16 54 89 43 19 87 66
83 71
