100 97
11 20 22 16 20 68 7 27 93 31 53 73
3 69 14 65 12 20 96 76 85 80 29 69
6 50 17 46 15 1 2 57 88 61 48 6
52 68 63 64 3 60 48 75 37 79 39 27
4 58 15 54 68 6 0 65 86 69 88 17
73 71 84 67 82 22 69 78 58 82 2 71
70 39 81 35 79 87 66 46 55 50 15 92
80 54 91 50 89 5 76 61 65 65 25 10
3 45 14 41 12 93 96 52 85 56 29 45
55 45 66 41 64 93 51 52 40 56 0 1
49 29 60 25 16 74 45 36 34 40 36 85
15 20 26 16 63 12 11 27 0 31 2 76
37 37 48 33 4 82 33 44 22 48 24 93
18 4 29 0 82 49 14 11 3 15 5 60
94 75 8 71 6 26 90 82 79 86 39 31
86 32 0 28 53 77 82 39 71 43 73 88
65 40 76 36 74 88 61 47 50 51 91 40
42 60 53 56 51 11 38 67 27 71 68 60
19 16 30 12 83 61 15 23 4 27 6 72
68 94 79 90 77 45 64 4 53 8 13 50
77 11 88 7 28 3 73 18 62 22 64 67
35 6 46 2 44 54 31 13 20 17 77 59
81 6 92 2 90 54 77 13 66 17 26 59
38 3 49 96 5 48 34 10 23 14 25 59
37 81 48 77 46 32 33 88 22 92 79 37
35 4 46 0 83 93 31 11 20 15 22 60
46 5 57 1 13 50 42 12 31 16 33 61
83 87 94 83 34 79 79 94 68 1 70 46
71 30 82 26 80 78 67 37 56 41 0 30
19 28 30 24 83 73 15 35 4 39 6 84
73 1 84 94 82 49 69 8 58 12 2 1
20 92 31 88 29 43 16 2 5 6 62 48
36 69 47 65 45 20 32 76 21 80 78 25
90 86 4 82 2 37 86 93 75 0 19 86
75 94 86 90 84 45 71 4 60 8 4 94
35 68 46 64 44 19 31 75 20 79 77 24
91 10 5 6 3 58 87 17 76 21 20 10
11 29 22 25 59 21 7 36 93 40 95 85
18 45 29 41 66 37 14 52 3 56 5 4
33 14 44 10 81 6 29 21 18 25 20 70
25 83 36 79 34 34 21 90 10 94 51 83
90 43 4 39 2 91 86 50 75 54 35 96
93 16 7 12 5 64 89 23 78 27 22 16
88 81 2 77 55 29 84 88 73 92 75 40
25 41 36 37 34 89 21 48 10 52 51 41
83 66 94 62 50 14 79 73 68 77 70 25
25 27 36 23 34 75 21 34 10 38 51 27
60 37 71 33 69 85 56 44 45 48 86 37
83 68 94 64 92 19 79 75 68 79 12 68
27 44 38 40 75 36 23 51 12 55 14 3
49 86 60 82 58 37 45 93 34 0 91 42
42 88 53 84 9 36 38 95 27 2 29 47
26 18 37 14 74 10 22 25 11 29 13 74
18 2 29 95 27 50 14 9 3 13 44 2
26 53 37 49 74 45 22 60 11 64 13 12
16 92 27 88 80 40 12 2 1 6 3 51
79 3 90 96 46 48 75 10 64 14 66 59
58 76 69 72 25 24 54 83 43 87 45 35
43 61 54 57 52 12 39 68 28 72 69 61
24 59 35 55 33 10 20 66 9 70 66 15
35 52 46 48 44 3 31 59 20 63 61 52
64 87 75 83 31 35 60 94 49 1 51 46
60 83 71 79 27 31 56 90 45 94 47 42
75 76 86 72 26 68 71 83 60 87 62 35
72 9 83 5 23 1 68 16 57 20 59 65
57 55 68 51 24 3 53 62 42 66 44 14
70 41 81 37 21 33 66 48 55 52 57 0
12 15 23 11 76 60 8 22 94 26 96 71
69 28 80 24 78 76 65 35 54 39 95 28
64 67 75 63 73 18 60 74 49 78 90 67
78 64 89 60 87 15 74 71 63 75 23 20
69 93 80 89 36 41 65 3 54 7 56 52
86 65 0 61 53 13 82 72 71 76 73 24
82 6 93 2 49 51 78 13 67 17 69 62
23 94 34 90 32 45 19 4 8 8 49 94
69 9 80 5 36 54 65 16 54 20 56 65
45 44 56 40 54 92 41 51 30 55 87 0
56 32 67 28 65 80 52 39 41 43 1 85
39 91 50 87 87 83 35 1 24 5 26 50
38 55 49 51 47 6 34 62 23 66 64 55
66 69 77 65 75 20 62 76 51 80 92 69
16 86 27 82 80 34 12 93 1 0 3 45
34 91 45 87 1 39 30 1 19 5 21 50
85 80 96 76 52 28 81 87 70 91 72 39
31 74 42 70 40 25 27 81 16 85 57 74
27 36 38 32 36 84 23 43 12 47 53 36
89 60 3 56 1 11 85 67 74 71 34 16
0 82 11 78 9 33 93 89 82 93 42 38
90 42 4 38 41 34 86 49 75 53 77 1
8 91 19 87 72 39 4 1 90 5 92 50
17 89 28 85 26 40 13 96 2 3 43 89
18 26 29 22 82 71 14 33 3 37 5 82
58 79 69 75 25 27 54 86 43 90 45 38
79 37 90 33 30 29 75 44 64 48 66 93
53 69 64 65 20 17 49 76 38 80 40 28
87 94 1 90 38 86 83 4 72 8 74 53
64 83 75 79 31 31 60 90 49 94 51 42
57 62 68 58 66 13 53 69 42 73 2 18
64 59 75 55 15 51 60 66 49 70 51 18
2 75 13 71 11 26 95 82 84 86 28 75
81 32
