100 97
86 55 22 45 42 54 95 79 62 89 9 77
23 95 56 85 76 94 32 22 96 32 43 20
33 52 66 42 66 1 42 76 9 86 53 74
18 47 51 37 71 46 27 71 91 81 38 69
14 92 47 82 67 91 23 19 87 29 34 17
82 5 18 92 71 7 91 29 58 39 69 24
49 23 82 13 38 25 58 47 25 57 16 89
78 71 14 61 14 20 87 95 54 8 1 93
40 10 73 0 29 12 49 34 16 44 27 29
54 66 87 56 43 68 63 90 30 3 41 85
24 58 57 48 77 57 33 82 0 92 44 80
30 15 63 5 19 17 39 39 6 49 94 81
85 16 21 6 21 62 94 40 61 50 8 38
74 46 10 36 30 45 83 70 50 80 94 68
6 15 39 5 92 17 15 39 79 49 70 81
71 96 7 86 7 45 80 23 47 33 91 21
28 27 61 17 61 73 37 51 4 61 48 49
28 20 61 10 81 19 37 44 4 54 48 42
79 68 15 58 68 70 88 92 55 5 66 87
17 3 50 90 50 49 26 27 90 37 37 25
79 42 15 32 68 44 88 66 55 76 46 11
26 36 59 26 15 38 35 60 2 70 90 5
35 5 68 92 24 7 44 29 11 39 22 24
35 69 68 59 24 71 44 93 11 6 2 38
93 16 29 6 49 15 5 40 69 50 16 38
79 88 15 78 15 37 88 15 55 25 2 13
40 14 73 4 29 16 49 38 16 48 27 33
33 36 66 26 86 35 42 60 9 70 53 58
79 40 15 30 68 42 88 64 55 74 66 59
23 0 56 87 56 46 32 24 96 34 43 22
49 82 82 72 38 84 58 9 25 19 16 51
12 93 45 83 1 95 21 20 85 30 96 15
77 0 13 87 66 2 86 24 53 34 64 19
85 40 21 30 41 39 94 64 61 74 8 62
63 44 96 34 52 46 72 68 39 78 50 63
13 56 46 46 2 58 22 80 86 90 77 25
80 78 16 68 36 77 89 5 56 15 3 3
69 79 5 69 25 78 78 6 45 16 89 4
43 42 76 32 32 44 52 66 19 76 30 61
9 10 42 0 95 12 18 34 82 44 73 76
8 25 41 15 94 27 17 49 81 59 72 91
8 40 41 30 61 39 17 64 81 74 28 62
26 48 59 38 59 94 35 72 2 82 46 70
23 33 56 23 12 35 32 57 96 67 87 2
14 54 47 44 3 56 23 78 87 88 78 23
6 7 39 94 59 6 15 31 79 41 26 29
34 13 67 3 67 59 43 37 10 47 54 35
55 35 88 25 88 81 64 59 31 69 75 57
66 38 2 28 55 40 75 62 42 72 33 7
83 25 19 15 19 71 92 49 59 59 6 47
45 67 78 57 34 69 54 91 21 4 12 36
52 96 85 86 41 1 61 23 28 33 19 65
28 41 61 31 17 43 37 65 4 75 92 10
33 85 66 75 22 87 42 12 9 22 0 54
60 75 93 65 49 77 69 2 36 12 27 44
36 10 69 0 89 9 45 34 12 44 56 32
18 75 51 65 51 24 27 2 91 12 38 0
35 67 68 57 24 69 44 91 11 4 2 36
14 12 47 2 3 14 23 36 87 46 1 31
92 89 28 79 81 91 4 16 68 26 59 58
40 62 73 52 29 64 49 86 16 96 27 81
42 75 75 65 31 77 51 2 18 12 29 94
36 89 69 79 89 88 45 16 12 26 56 14
34 84 67 74 87 83 43 11 10 21 54 9
52 63 85 53 41 65 61 87 28 0 39 82
39 27 72 17 72 73 48 51 15 61 59 49
34 47 67 37 23 49 43 71 10 81 21 66
19 66 52 56 72 65 28 90 92 3 39 88
57 22 90 12 46 24 66 46 33 56 24 88
52 55 85 45 85 4 61 79 28 89 72 77
48 43 81 33 37 45 57 67 24 77 35 62
23 37 56 27 56 83 32 61 96 71 43 59
53 55 86 45 42 57 62 79 29 89 40 74
32 40 65 30 65 86 41 64 8 74 52 62
70 5 6 92 59 7 79 29 46 39 57 24
66 34 2 24 2 80 75 58 42 68 86 56
88 16 24 6 44 15 0 40 64 50 11 38
88 49 24 39 24 95 0 73 64 83 11 71
88 36 24 26 77 38 0 60 64 70 75 55
72 83 8 73 28 82 81 10 48 20 92 8
56 85 89 75 45 87 65 12 32 22 23 54
24 47 57 37 57 93 33 71 0 81 44 69
31 29 64 19 64 75 40 53 7 63 51 51
40 69 73 59 29 71 49 93 16 6 7 38
17 25 50 15 50 71 26 49 90 59 37 47
10 76 43 66 96 78 19 3 83 13 74 45
9 82 42 72 42 31 18 9 82 19 29 7
67 18 3 8 56 20 76 42 43 52 34 84
53 4 86 91 9 3 62 28 29 38 73 26
22 31 55 21 11 33 31 55 95 65 9 50
72 43 8 33 61 45 81 67 48 77 59 62
2 3 35 90 88 5 11 27 75 37 66 69
50 35 83 25 39 37 59 59 26 69 17 4
92 96 28 86 81 1 4 23 68 33 59 65
1 89 34 79 34 38 10 16 74 26 21 14
74 92 10 82 10 41 83 19 50 29 94 17
59 24 92 14 92 70 68 48 35 58 79 46
95 84 31 74 51 83 7 11 71 21 18 9
58 48 91 38 14 47 67 72 34 82 78 70
63 72 96 62 19 71 72 96 39 9 83 94
93 15
