100 97
46 64 39 42 88 31 47 8 54 13 5 41
52 64 45 42 94 31 53 8 60 13 11 41
68 12 89 23 13 76 69 53 76 58 27 86
3 64 24 75 45 31 4 8 11 13 59 41
83 65 7 76 28 32 84 9 91 14 42 42
66 66 87 77 11 33 67 10 74 15 25 43
0 26 90 4 42 90 1 67 8 72 56 3
85 53 9 64 30 20 86 94 93 2 44 30
93 61 17 72 38 28 94 5 4 10 52 38
47 86 68 0 89 53 48 30 55 35 6 63
46 48 67 59 88 15 47 89 54 94 5 25
22 41 43 52 64 8 23 82 30 87 78 18
69 41 62 19 14 8 70 82 77 87 28 18
51 77 44 55 93 44 52 21 59 26 10 54
10 19 31 30 52 83 11 60 18 65 66 93
83 31 76 9 28 95 84 72 91 77 42 8
89 19 13 30 34 83 90 60 0 65 48 93
7 41 0 19 49 8 8 82 15 87 63 18
35 86 56 0 77 53 36 30 43 35 91 63
41 20 62 31 83 84 42 61 49 66 0 94
61 11 82 22 6 75 62 52 69 57 20 85
26 24 19 2 68 88 27 65 34 70 82 1
67 22 88 33 12 86 68 63 75 68 26 96
57 55 78 66 2 22 58 96 65 4 16 32
81 18 74 93 26 82 82 59 89 64 40 92
26 9 19 84 68 73 27 50 34 55 82 83
4 46 25 57 46 13 5 87 12 92 60 23
53 34 74 45 95 1 54 75 61 80 12 11
20 45 41 56 62 12 21 86 28 91 76 22
62 20 55 95 7 84 63 61 70 66 21 94
8 29 1 7 50 93 9 70 16 75 64 6
81 85 74 63 26 52 82 29 89 34 40 62
41 71 34 49 83 38 42 15 49 20 0 48
31 3 52 14 73 67 32 44 39 49 87 77
90 22 83 0 35 86 91 63 1 68 49 96
91 49 15 60 36 16 92 90 2 95 50 26
51 60 44 38 93 27 52 4 59 9 10 37
31 9 52 20 73 73 32 50 39 55 87 83
69 39 90 50 14 6 70 80 77 85 28 16
8 66 29 77 50 33 9 10 16 15 64 43
45 36 38 14 87 3 46 77 53 82 4 13
79 63 3 74 24 30 80 7 87 12 38 40
34 45 27 23 76 12 35 86 42 91 90 22
55 84 48 62 0 51 56 28 63 33 14 61
87 94 11 8 32 61 88 38 95 43 46 71
5 94 26 8 47 61 6 38 13 43 61 71
65 62 86 73 10 29 66 6 73 11 24 39
91 52 15 63 36 19 92 93 2 1 50 29
61 37 54 15 6 4 62 78 69 83 20 14
25 67 46 78 67 34 26 11 33 16 81 44
11 81 4 76 53 48 12 25 19 13 67 58
39 26 32 21 81 90 40 67 47 55 95 3
4 46 94 41 46 13 5 87 40 11 60 23
89 89 82 84 34 56 90 33 0 21 48 66
71 33 64 28 16 0 72 74 10 95 30 10
42 14 35 9 84 78 43 55 50 43 1 88
89 96 82 91 34 63 90 40 0 28 48 73
40 85 33 80 82 52 41 29 48 17 96 62
62 23 55 18 7 87 63 64 1 85 21 0
51 65 44 60 93 32 52 9 87 30 10 42
87 8 80 3 32 72 88 49 95 37 46 82
77 17 70 12 22 81 78 58 16 79 36 91
70 50 63 45 15 17 71 91 9 15 29 27
9 46 2 41 51 13 10 87 45 11 65 23
74 87 67 82 19 54 75 31 13 52 33 64
65 0 58 92 10 64 66 41 4 62 24 74
21 68 14 63 63 35 22 12 29 0 77 45
58 3 51 95 3 67 59 44 94 65 17 77
16 41 9 36 58 8 17 82 52 6 72 18
23 36 16 31 65 3 24 77 59 1 79 13
26 31 19 26 68 95 27 72 62 93 82 8
4 21 94 16 46 85 5 62 40 83 60 95
92 29 85 24 37 93 93 70 3 58 51 6
4 0 94 92 46 64 5 41 40 62 60 74
89 25 82 20 34 89 90 66 28 87 48 2
75 92 68 87 20 59 76 36 14 57 34 69
68 50 61 45 13 17 69 91 76 79 27 27
92 81 85 76 37 48 93 25 3 13 51 58
94 72 87 67 39 39 95 16 33 37 53 49
61 67 54 62 6 34 62 11 69 96 20 44
56 41 49 36 1 8 57 82 92 6 15 18
71 27 64 22 16 91 72 68 10 89 30 4
76 18 69 13 21 82 77 59 84 47 35 92
11 58 4 53 53 25 12 2 19 87 67 35
83 36 76 31 28 3 84 77 22 1 42 13
89 45 82 40 34 12 90 86 28 10 48 22
80 9 73 4 25 73 81 50 19 71 39 83
52 44 45 39 94 11 53 85 88 9 11 21
64 73 57 68 9 40 65 17 72 5 23 50
10 26 3 21 52 90 11 67 18 55 66 3
61 67 54 62 6 34 62 11 0 32 20 44
89 51 82 46 34 18 90 92 0 80 48 28
10 75 3 70 52 42 11 19 46 40 66 52
92 13 85 8 37 77 93 54 3 42 51 87
13 63 6 58 55 30 14 7 21 92 69 40
21 44 14 39 63 11 22 85 57 9 77 21
49 51 42 46 91 18 50 92 85 16 8 28
69 23 62 18 14 87 70 64 8 85 28 0
58 45 51 40 3 12 59 86 66 74 17 22
12 78 5 73 54 45 13 22 20 10 68 55
82 14
