100 97
26 77 21 56 41 19 88 26 93 47 62 24
7 95 2 74 33 0 69 44 74 65 94 0
65 37 60 16 80 76 30 83 35 7 4 81
82 24 77 3 62 81 47 70 52 91 21 68
20 81 15 60 46 83 82 30 87 51 10 83
44 24 39 3 24 81 9 70 14 91 80 68
10 68 5 47 25 10 72 17 77 38 46 15
44 10 39 86 24 67 9 56 14 77 80 54
43 38 38 17 69 40 8 84 13 8 33 40
51 57 46 36 66 96 16 6 21 27 87 4
43 48 38 27 58 87 8 94 13 18 79 92
62 81 57 60 88 83 27 30 32 51 52 83
90 30 85 9 19 32 55 76 60 0 18 14
69 65 64 44 49 25 34 14 39 35 8 12
33 76 28 55 48 18 95 25 3 46 69 23
77 89 72 68 57 49 42 38 47 59 16 36
34 96 29 75 60 1 96 45 4 66 24 1
66 51 61 30 81 90 31 0 36 21 5 95
7 15 2 91 22 54 69 61 74 82 43 59
4 35 96 14 19 74 66 81 71 5 40 79
10 12 5 88 87 69 72 58 77 79 46 56
64 87 59 66 90 89 29 36 34 57 54 89
57 24 52 3 72 63 22 70 27 91 93 68
81 25 76 4 10 27 46 71 51 92 9 9
10 8 5 84 36 10 72 54 77 75 35 89
93 60 88 39 11 2 58 9 63 30 32 7
71 35 66 14 51 92 36 81 41 5 10 79
49 79 44 58 75 81 14 28 19 49 39 81
45 49 40 28 60 88 10 95 15 19 81 93
31 86 26 65 57 88 93 35 1 56 56 70
80 32 75 11 9 34 45 78 50 2 70 34
79 61 74 40 8 63 44 10 49 31 69 63
28 21 23 0 54 23 90 67 95 88 18 23
63 29 58 8 43 86 28 75 33 96 2 73
0 59 92 38 77 19 62 8 67 29 36 6
20 40 15 19 46 42 82 86 87 10 10 42
30 7 25 83 56 9 92 53 0 74 20 9
16 17 11 93 42 19 78 63 83 84 6 19
62 34 57 13 88 36 27 80 32 4 87 18
81 71 76 50 96 13 46 20 51 41 20 18
78 86 73 65 7 88 43 35 48 56 6 70
42 79 37 58 57 21 7 28 12 49 78 26
96 93 91 72 25 95 61 42 66 63 86 95
34 68 29 47 60 70 96 17 4 38 59 52
2 24 94 3 28 26 64 70 69 91 89 26
19 31 14 10 96 88 81 77 86 1 55 75
76 42 71 21 56 2 41 88 46 12 15 86
32 10 27 86 12 67 94 56 2 77 68 54
96 3 91 79 14 42 61 49 66 70 35 47
42 13 37 89 22 70 7 59 12 80 78 57
88 20 83 96 68 77 53 66 58 87 27 64
9 56 4 35 24 95 71 5 76 26 45 3
19 16 14 92 45 18 81 62 86 83 44 0
16 77 11 56 42 79 78 26 83 47 6 79
8 91 3 70 34 93 70 40 75 61 33 75
47 31 42 10 73 33 12 77 17 1 37 33
86 37 81 16 15 39 51 83 56 7 76 39
6 34 1 13 83 91 68 80 73 4 42 78
69 81 64 60 95 83 34 30 39 51 94 65
70 51 65 30 96 53 35 0 40 21 95 35
22 87 17 66 2 47 84 36 89 57 58 34
92 55 87 34 72 15 57 4 62 25 31 2
65 93 60 72 45 53 30 42 35 63 4 40
95 68 90 47 24 70 60 17 65 38 85 70
19 31 14 10 45 33 81 77 86 1 44 15
86 45 81 24 4 84 51 91 56 15 25 89
73 27 68 6 2 29 38 73 43 94 63 29
20 73 15 52 46 75 82 22 87 43 45 57
65 93 60 72 80 35 30 42 35 63 4 40
19 82 14 61 96 42 81 31 86 52 55 29
52 10 47 86 78 12 17 56 22 77 42 12
95 37 90 16 24 39 60 83 65 7 23 21
25 41 20 20 51 43 87 87 92 11 50 25
72 35 67 14 52 92 37 81 42 5 11 79
66 43 61 22 81 82 31 89 36 13 5 87
68 85 63 64 83 27 33 34 38 55 7 32
13 29 8 8 90 86 75 75 80 96 49 73
90 59 85 38 19 61 55 8 60 29 80 61
12 4 7 80 38 6 74 50 79 71 2 6
41 46 36 25 67 48 6 92 11 16 66 30
23 18 18 94 38 57 85 64 90 85 59 62
64 60 59 39 90 62 29 9 34 30 89 44
72 20 67 96 1 22 37 66 42 87 0 4
63 50 58 29 43 10 28 96 33 20 2 94
61 66 56 45 76 8 26 15 31 36 0 13
60 88 55 67 75 30 25 37 30 58 96 35
21 94 16 73 47 96 83 43 88 64 11 96
65 77 60 56 91 79 30 26 35 47 55 79
69 72 64 51 49 32 34 21 39 42 8 19
91 93 86 72 20 95 56 42 61 63 19 77
2 59 94 38 79 19 64 8 69 29 38 6
76 83 71 62 5 85 41 32 46 53 4 67
5 6 0 82 31 8 67 52 72 73 92 8
81 89 76 68 96 31 46 38 51 59 20 36
53 45 48 24 33 5 18 91 23 15 89 89
74 85 69 64 3 87 39 34 44 55 2 69
17 57 12 36 32 96 79 6 84 27 53 4
71 58 66 37 0 60 36 7 41 28 61 60
55 78 50 57 81 80 20 27 25 48 45 80
24 46 19 25 50 48 86 92 91 16 14 48
82 10
