100 97
23 29 41 5 19 68 15 74 94 1 1 27
95 47 16 23 50 85 87 92 69 19 73 45
46 93 64 69 42 35 38 41 20 65 24 91
66 84 84 60 62 26 58 32 40 56 44 82
16 84 34 60 12 26 8 32 87 56 91 82
0 80 18 56 93 22 89 28 71 52 75 78
19 37 37 13 71 75 11 82 90 9 94 35
72 16 90 89 68 55 64 61 46 85 50 14
28 3 46 76 24 42 20 48 2 72 6 1
28 91 46 67 80 32 20 39 2 63 6 89
6 21 24 94 2 60 95 66 77 90 81 19
1 82 19 58 53 23 90 30 72 54 76 80
48 26 66 2 44 65 40 71 22 95 26 24
61 1 79 74 57 40 53 46 35 70 39 96
54 47 72 23 50 86 46 92 28 19 32 45
65 52 83 28 61 91 57 0 39 24 43 50
42 27 60 3 38 66 34 72 16 96 20 25
45 32 63 8 41 71 37 77 19 4 23 30
88 8 9 81 43 46 80 53 62 77 66 6
58 37 76 13 54 76 50 82 32 9 36 35
17 50 35 26 13 89 9 95 88 22 92 48
48 77 66 53 3 18 40 25 22 49 26 75
27 14 45 87 23 53 19 59 1 83 5 12
21 91 39 67 73 32 13 39 92 63 96 89
91 56 12 32 87 95 83 4 65 28 69 54
12 77 30 53 8 19 4 25 83 49 87 75
15 96 33 72 11 38 7 44 86 68 90 94
50 54 68 30 5 92 42 2 24 26 28 52
5 71 23 47 57 12 94 19 76 43 80 69
34 40 52 16 86 78 26 85 8 12 12 38
79 34 0 10 75 73 71 79 53 6 57 32
28 48 46 24 24 87 20 93 2 20 6 46
1 28 19 4 53 66 90 73 72 0 76 26
2 55 20 31 95 94 91 3 73 27 77 53
46 65 64 41 1 6 38 13 20 37 24 63
5 33 23 9 57 71 94 78 76 5 80 31
93 85 14 61 48 26 85 33 67 57 71 83
75 77 93 53 71 19 67 25 49 49 53 75
70 85 88 61 66 27 62 33 44 57 48 83
51 57 69 33 6 95 43 5 25 29 29 55
4 48 22 24 0 87 93 93 75 20 79 46
2 75 20 51 54 16 91 23 73 47 77 73
63 70 81 46 59 12 55 18 37 42 41 68
0 94 18 70 52 35 89 42 71 66 75 92
1 49 19 25 94 88 90 94 72 21 76 47
53 45 71 21 49 84 45 90 27 17 31 43
85 96 6 72 81 38 77 44 59 68 63 94
10 78 28 54 6 20 2 26 81 50 85 76
44 80 62 56 40 22 36 28 18 52 22 78
50 63 68 39 46 5 42 11 24 35 28 61
63 21 81 94 77 68 55 66 37 90 79 10
52 54 70 30 66 4 44 2 26 26 12 44
65 15 83 88 79 62 57 60 39 84 25 5
77 22 95 95 91 69 69 67 51 91 37 12
6 84 24 60 20 34 95 32 77 56 63 74
92 70 13 46 9 20 84 18 66 42 52 60
3 81 21 57 17 31 92 29 74 53 19 70
49 30 67 6 63 77 41 75 23 2 65 19
94 81 15 57 11 31 86 29 68 53 54 71
14 21 32 94 28 68 6 66 85 90 71 11
19 86 37 62 33 36 11 34 90 58 76 76
23 79 41 55 37 29 15 27 94 51 80 69
29 69 47 45 43 19 21 17 3 41 45 58
47 65 65 41 61 15 39 13 21 37 63 54
14 32 32 8 28 79 6 77 85 4 71 22
85 59 6 35 2 9 77 7 59 31 4 48
66 6 84 79 80 53 58 51 40 75 82 92
89 65 10 41 6 15 81 13 63 37 8 54
76 89 94 65 90 39 68 37 50 61 92 78
47 76 65 52 61 26 39 24 21 48 63 65
6 79 24 55 20 29 95 27 77 51 63 69
36 33 54 9 50 80 28 78 10 5 93 23
23 4 41 77 37 51 15 49 94 73 39 90
9 91 27 67 23 41 1 39 80 63 25 80
2 19 20 92 16 66 91 64 73 88 59 9
12 79 30 55 26 29 4 27 83 51 28 68
91 51 12 27 8 1 83 96 65 23 51 41
85 18 6 91 2 65 77 63 59 87 4 7
41 83 59 59 55 33 33 31 15 55 1 73
72 48 90 24 86 95 64 93 46 20 32 38
50 4 68 77 64 51 42 49 24 73 66 90
63 92 81 68 77 42 55 40 37 64 23 82
7 61 25 37 21 11 96 9 78 33 23 50
35 68 53 44 49 18 27 16 9 40 92 58
80 88 1 64 94 38 72 36 54 60 96 77
60 25 78 1 74 72 52 70 34 94 20 15
80 15 1 88 94 62 72 60 54 84 96 4
34 5 52 78 48 52 26 50 8 74 50 91
80 88 1 64 94 38 72 36 54 60 96 77
93 90 14 66 10 40 85 38 67 62 12 79
94 33 15 9 11 80 86 78 68 5 13 22
29 89 47 65 43 39 21 37 3 61 45 78
93 81 14 57 10 31 85 29 67 53 12 70
95 25 16 1 12 72 87 70 69 94 55 15
89 67 10 43 6 17 81 15 63 39 49 57
34 68 52 44 48 18 26 16 8 40 50 57
49 68 67 44 63 18 41 16 23 40 65 57
40 25 58 1 54 72 32 70 14 94 0 15
0 16 18 89 14 63 89 61 71 85 57 6
54 30 72 6 68 77 46 75 28 2 14 20
41 53
