100 97
81 37 33 34 30 26 58 50 9 53 69 95
0 7 49 4 14 96 74 20 25 23 85 65
65 15 17 12 79 7 42 28 90 31 53 73
79 81 31 78 28 70 56 94 7 0 67 42
43 71 92 68 57 63 20 84 68 87 31 32
93 95 45 92 42 84 70 11 21 14 81 56
67 59 19 56 81 51 44 72 92 75 55 20
86 63 38 60 35 52 63 76 14 79 74 24
17 31 66 28 31 23 91 44 42 47 5 89
57 23 9 20 71 15 34 36 82 39 45 81
33 82 82 79 79 71 10 95 58 1 21 43
20 71 69 68 66 60 94 84 45 87 8 32
1 84 50 81 47 73 75 0 26 3 86 45
47 28 96 25 61 20 24 41 72 44 35 86
18 20 67 17 64 9 92 33 43 36 6 78
85 79 37 76 34 68 62 92 13 95 73 40
9 48 58 45 55 37 83 61 34 64 94 9
94 54 46 51 11 46 71 67 22 70 82 15
87 43 39 40 4 35 64 56 15 59 75 4
48 81 0 78 62 73 25 94 73 0 36 42
56 29 8 26 5 18 33 42 81 45 44 87
49 63 1 60 95 52 26 76 74 79 37 24
37 94 86 91 51 86 14 10 62 13 25 55
33 29 82 26 79 18 10 42 58 45 21 87
28 35 77 32 42 27 5 48 53 51 16 93
91 80 43 77 8 72 68 93 19 96 79 41
1 50 50 47 47 39 75 63 26 66 86 11
21 33 70 30 35 25 95 46 46 49 9 91
84 52 36 49 33 41 61 65 12 68 72 13
41 9 90 6 55 1 18 22 66 25 29 67
57 62 9 59 71 54 34 75 82 78 45 23
31 86 80 83 77 75 8 2 56 5 19 47
10 14 59 11 56 3 84 27 35 30 95 72
8 10 57 7 22 2 82 23 33 26 93 68
63 72 15 69 12 61 40 85 88 88 51 33
79 2 31 96 93 91 56 15 7 18 67 60
47 58 96 55 61 50 24 71 72 74 35 19
79 79 31 76 28 68 56 92 7 95 67 40
70 18 22 15 84 10 47 31 95 34 58 76
72 21 24 18 21 10 49 34 0 37 60 79
70 31 22 28 19 20 47 44 95 47 58 89
3 58 52 55 17 50 77 71 28 74 88 19
1 42 50 39 47 31 75 55 26 58 86 3
60 68 12 65 9 57 37 81 85 84 48 29
85 92 37 89 2 84 62 8 13 11 73 53
58 47 10 44 72 39 35 60 83 63 46 8
86 41 38 38 3 33 63 54 14 57 74 2
66 50 18 47 15 39 43 63 91 66 54 11
47 30 96 27 93 19 24 43 72 46 35 88
34 78 83 75 80 67 11 91 59 94 22 39
88 8 40 5 77 60 65 21 16 24 4 6
22 94 71 91 11 49 96 10 47 13 67 89
86 75 38 72 75 30 63 88 14 91 34 70
22 63 71 60 11 18 96 76 47 79 67 58
12 95 61 92 1 50 86 11 37 14 25 93
89 58 41 55 78 13 66 71 17 74 37 53
87 51 39 48 76 6 64 64 15 67 3 49
43 68 92 65 32 23 20 81 68 84 56 66
51 79 3 76 40 34 28 92 76 95 64 77
24 56 73 53 13 11 1 69 49 72 37 54
64 84 16 81 53 39 41 0 89 3 12 79
83 87 35 84 72 42 60 3 11 6 31 82
38 7 87 4 27 59 15 20 63 23 51 5
65 91 17 88 54 46 42 7 90 10 13 86
5 3 54 0 91 55 79 16 30 19 50 95
77 0 29 94 66 52 54 13 5 16 25 92
22 89 71 86 11 44 96 5 47 8 67 84
28 16 77 13 17 68 5 29 53 32 41 14
38 82 87 79 27 37 15 95 63 1 51 80
88 25 40 22 77 77 65 38 16 41 36 20
35 62 84 59 24 17 12 75 60 78 48 60
81 7 33 4 70 59 58 20 9 23 29 2
27 8 76 5 16 60 4 21 52 24 40 6
41 56 90 53 30 11 18 69 66 72 54 54
28 24 77 21 17 76 5 37 53 40 73 19
19 32 68 29 8 84 93 45 44 48 32 30
92 11 44 8 81 63 69 24 20 27 40 6
23 13 72 10 12 65 0 26 48 29 36 11
53 40 5 37 42 92 30 53 78 56 66 38
10 8 59 5 96 60 84 21 35 24 55 3
68 12 20 9 57 64 45 25 93 28 81 10
40 54 89 51 29 9 17 67 65 70 85 49
68 91 20 88 57 46 45 7 93 10 81 89
28 72 77 69 17 27 5 85 53 88 41 70
2 43 51 40 88 95 76 56 27 59 47 38
75 71 27 68 64 26 52 84 3 87 23 66
91 35 43 32 80 87 68 48 19 51 39 30
94 20 46 17 83 72 71 33 22 36 10 18
39 15 88 12 28 67 16 28 64 31 52 13
76 90 28 87 65 45 53 6 4 9 89 88
92 24 44 21 81 76 69 37 20 40 40 19
68 29 20 26 57 81 45 42 93 45 16 24
10 13 59 10 96 65 84 26 35 29 55 8
77 38 29 35 66 90 54 51 5 54 25 33
11 77 60 74 0 32 85 90 36 93 56 72
88 8 40 5 77 60 65 21 16 24 36 3
79 28 31 25 68 80 56 41 7 44 27 23
7 52 56 49 93 7 81 65 32 68 52 47
0 67 49 64 86 22 74 80 25 83 13 65
17 14 66 11 6 66 91 27 42 30 62 9
92 14
