100 97
82 94 13 53 18 14 43 83 15 27 83 81
82 6 86 77 42 8 43 92 15 36 83 90
15 14 43 70 72 16 73 3 29 93 16 1
61 73 89 32 21 75 6 14 91 6 62 60
12 70 40 29 69 72 70 59 18 18 13 57
87 18 42 59 71 5 72 89 44 33 15 87
19 69 47 28 76 71 77 58 25 17 20 56
49 41 77 0 9 43 10 30 79 71 34 77
50 9 62 17 10 11 11 95 80 39 51 93
67 60 95 19 27 62 12 1 0 90 68 47
26 84 54 43 83 86 84 73 32 32 27 71
68 40 96 96 28 42 29 29 1 70 53 76
25 39 77 80 9 26 10 13 79 54 50 11
5 48 49 55 78 1 79 85 51 29 22 83
23 62 35 70 80 64 81 51 53 92 24 49
22 15 50 71 79 17 80 4 36 94 23 2
29 77 57 36 86 79 87 66 35 25 30 64
58 64 5 71 34 17 35 4 7 45 75 2
62 2 90 58 22 4 23 88 68 47 63 86
10 60 62 4 91 47 92 34 64 75 35 32
35 56 79 63 11 9 12 93 81 37 52 91
38 39 66 95 95 41 96 28 44 84 39 26
66 14 94 70 26 16 27 3 72 59 67 1
83 73 14 32 43 75 44 62 16 6 68 12
17 27 45 83 58 78 75 16 47 57 18 14
93 10 24 66 29 27 54 96 26 40 94 94
55 31 59 5 15 33 16 20 85 61 56 18
84 11 96 19 44 13 45 0 17 41 85 95
90 58 21 17 50 60 35 96 23 88 91 45
95 53 10 61 55 55 56 42 28 83 96 40
14 44 42 3 47 61 72 33 44 74 15 31
80 93 92 4 40 95 41 82 13 26 81 80
62 94 90 53 22 96 7 35 92 27 63 81
61 78 89 37 5 32 22 67 91 11 62 65
34 86 62 45 91 88 92 75 64 19 11 88
76 74 80 48 36 76 37 63 9 7 77 61
59 33 87 89 19 35 20 22 73 15 60 20
76 67 7 26 36 69 37 56 82 15 77 54
5 51 49 58 78 4 79 88 51 32 22 86
57 56 85 15 17 58 2 94 87 86 58 43
43 20 71 76 3 22 4 9 73 50 20 22
60 20 88 76 20 22 94 24 90 50 61 7
66 50 94 9 26 52 27 39 80 32 67 37
13 73 41 32 54 27 71 62 43 6 14 60
66 0 94 56 26 2 27 86 96 30 51 36
68 38 96 94 28 40 5 42 1 68 69 25
80 12 35 53 64 96 65 83 37 27 8 81
73 28 4 84 33 30 34 17 87 10 74 15
10 82 54 89 83 35 84 22 56 63 27 20
27 74 39 82 84 76 85 63 57 7 28 61
0 61 52 5 81 48 82 35 54 76 25 33
64 15 92 71 0 32 25 4 94 45 65 2
24 38 28 12 81 40 82 27 54 68 25 25
45 83 73 42 86 37 6 72 75 16 46 70
7 49 35 8 64 51 65 38 37 79 89 85
37 95 65 54 94 0 95 84 51 77 38 82
95 96 26 55 31 16 56 85 28 29 96 83
56 32 68 40 16 34 17 21 86 62 57 19
4 65 32 24 61 67 46 6 34 95 5 52
16 21 44 77 57 72 74 10 46 51 17 8
54 93 82 52 14 95 96 34 84 26 55 80
15 91 19 65 72 93 73 80 45 24 16 78
13 42 41 1 70 44 55 80 43 72 14 29
1 64 29 23 58 66 43 5 31 94 2 51
82 43 13 2 18 60 43 32 15 73 83 30
59 65 87 24 92 82 20 54 89 95 60 52
73 63 77 37 33 65 34 52 6 93 74 50
28 74 56 33 85 76 86 63 58 7 13 13
26 1 54 57 83 3 84 87 32 46 27 85
3 11 55 52 84 95 85 82 57 26 28 80
78 65 9 24 38 67 39 54 11 95 55 67
78 29 33 70 62 16 63 3 35 44 6 1
10 60 38 19 67 62 44 64 40 90 11 47
35 72 63 31 92 74 93 61 41 20 36 59
14 25 42 81 55 76 72 14 44 55 15 12
5 51 9 25 62 53 63 40 35 81 6 38
82 39 29 46 58 89 59 76 31 20 2 74
81 69 12 28 41 71 42 58 14 2 66 8
75 34 6 90 19 85 36 23 8 64 76 21
79 70 10 29 39 72 40 59 85 18 80 57
74 10 5 66 34 12 11 14 7 40 75 94
6 26 34 82 47 77 64 15 36 56 7 13
81 15 12 71 17 32 42 4 14 45 82 2
66 43 94 2 26 45 27 32 96 73 51 79
0 4 28 60 57 6 58 90 30 34 82 40
35 77 63 36 76 31 93 66 65 10 36 64
49 49 77 8 82 66 10 38 79 79 50 36
4 47 56 88 85 34 86 21 58 62 29 19
63 55 91 14 7 9 24 44 93 85 64 42
25 65 53 24 82 67 83 54 55 95 10 4
75 29 6 85 35 31 36 18 8 59 52 31
29 67 73 74 5 20 6 7 75 48 46 5
81 79 28 86 57 32 58 19 30 60 1 17
94 12 25 68 54 14 39 50 27 42 95 96
9 35 37 91 66 37 67 24 15 80 10 22
15 0 43 56 72 2 73 86 29 79 16 84
16 37 60 44 89 87 90 74 62 18 33 72
46 42 1 83 30 29 31 16 3 57 71 14
77 23 8 79 37 25 38 12 10 53 54 25
90 69 94 43 50 71 51 58 23 2 91 56
28 9
