100 97
4 55 29 68 19 42 76 15 0 8 61 28
23 1 59 14 95 91 55 64 76 57 40 77
72 79 51 86 87 66 47 39 11 26 32 52
32 4 11 11 47 88 7 61 28 54 38 80
80 42 2 43 95 29 55 2 76 92 40 15
51 35 30 42 9 16 26 92 47 85 11 8
91 24 70 31 9 11 66 81 87 74 0 3
37 16 67 17 6 94 63 67 84 60 48 80
9 0 85 7 24 84 81 57 45 44 66 70
9 64 85 71 24 51 30 30 5 17 66 37
85 36 18 37 54 17 14 87 35 80 96 3
22 81 58 94 94 74 54 47 75 40 39 60
20 71 96 78 35 58 92 31 56 18 77 44
85 91 7 92 3 78 60 51 81 44 45 64
39 82 69 83 8 63 65 36 86 29 50 49
54 17 73 18 69 4 29 74 50 67 14 87
26 43 5 50 41 30 1 3 22 93 26 10
29 12 8 19 44 96 44 63 25 62 86 82
79 47 58 54 94 34 54 7 18 91 39 20
8 33 84 40 23 20 80 90 50 89 65 6
3 72 79 79 18 59 24 38 96 25 60 45
39 0 18 7 54 84 60 63 35 50 96 70
6 3 36 4 72 81 32 54 53 47 17 67
46 90 25 0 4 71 21 50 42 43 6 63
46 86 25 93 61 73 67 52 42 39 6 59
30 49 9 56 45 36 5 9 26 2 36 28
53 88 32 95 68 75 28 48 49 41 59 67
32 2 11 9 93 92 7 59 28 52 89 72
8 30 84 37 23 17 29 93 4 80 65 3
13 31 43 32 79 12 39 82 60 75 24 95
63 31 42 38 21 12 38 88 59 81 23 4
45 21 24 28 60 8 60 72 41 71 5 91
77 75 56 82 92 62 52 35 73 28 77 42
80 36 59 43 95 23 55 93 25 92 40 9
27 81 6 88 42 68 42 35 23 34 84 54
57 72 82 85 72 59 32 32 53 25 17 45
90 45 29 58 65 38 25 11 46 4 10 24
65 81 44 88 80 68 40 41 61 34 65 48
89 64 68 71 7 51 13 30 85 17 49 37
51 22 30 29 66 9 66 73 47 72 11 92
79 65 58 72 94 52 54 25 75 18 79 32
69 14 94 27 84 1 44 71 65 64 29 84
13 2 32 3 28 86 85 59 9 52 70 72
11 39 41 40 77 20 37 90 58 83 22 6
11 34 87 41 26 21 83 91 53 90 68 7
78 54 57 61 93 41 53 14 74 7 84 33
30 42 9 49 45 29 5 2 72 1 87 15
8 51 44 64 80 44 40 17 61 10 25 30
37 38 16 45 1 31 12 95 33 88 94 11
85 92 64 2 3 79 60 52 81 45 91 71
43 66 22 73 58 53 58 20 39 19 3 39
52 55 31 62 10 36 27 15 48 8 12 28
41 26 20 33 56 13 16 83 37 76 47 5
64 13 89 26 79 0 39 70 60 63 24 83
64 21 83 22 79 8 39 78 60 71 24 91
53 4 32 11 68 88 74 67 49 54 13 74
8 43 84 50 23 30 80 3 4 93 8 10
59 16 38 23 74 3 34 73 95 60 19 86
55 48 34 55 70 35 30 8 91 92 15 21
8 2 84 9 23 86 29 65 4 52 65 72
27 61 6 68 42 48 2 21 23 14 27 28
82 74 61 81 46 67 57 34 78 27 42 47
9 62 85 69 24 49 81 22 5 15 9 29
54 93 79 9 69 80 29 53 50 46 14 66
59 1 38 8 74 85 34 58 55 51 59 65
42 10 67 23 57 94 17 67 38 60 2 80
37 5 16 12 52 89 12 62 33 55 37 69
71 62 50 69 86 49 46 22 10 9 31 35
4 64 29 77 19 51 76 24 0 17 61 37
74 26 53 33 89 13 49 83 19 82 34 96
27 5 6 12 82 83 2 62 23 55 84 75
36 28 15 35 51 15 11 85 32 78 36 92
55 35 34 42 70 22 30 92 91 79 15 8
83 7 62 14 1 91 58 64 79 57 83 71
88 23 67 30 6 10 63 80 27 67 48 93
50 87 86 3 25 80 82 53 6 46 67 66
56 51 86 52 25 32 82 5 6 95 67 18
5 85 81 92 20 72 77 45 47 44 62 58
2 68 32 69 68 49 28 22 49 15 13 35
41 52 20 59 96 33 16 12 37 5 1 25
4 43 80 50 19 30 76 3 40 87 61 16
77 75 96 76 92 62 52 35 73 28 37 48
41 75 20 82 56 62 16 35 37 28 47 54
83 64 62 71 41 45 58 24 79 17 43 37
85 1 64 8 3 85 60 58 81 51 85 65
89 27 28 40 64 20 24 90 45 83 9 6
93 66 72 73 51 47 68 26 89 19 53 39
43 79 68 92 58 66 18 39 39 32 3 52
5 43 81 50 66 36 77 3 1 93 62 16
96 74 75 81 14 61 20 40 92 27 56 47
79 5 7 18 94 89 54 62 75 55 39 75
4 93 80 3 59 74 76 53 0 46 61 66
10 52 35 65 25 39 82 12 6 5 67 25
18 78 94 85 73 59 90 38 14 31 75 51
44 85 23 92 8 78 19 45 40 38 4 58
87 86 66 93 51 79 62 46 83 39 47 59
77 2 56 9 41 92 52 59 73 52 37 72
58 40 37 47 16 21 33 0 54 90 18 13
59 21 38 28 23 14 34 78 55 71 19 91
18 36 94 43 73 17 90 93 14 86 75 9
6 91
