100 97
88 72 38 23 84 87 83 6 60 58 87 88
4 46 51 94 0 61 23 80 49 29 3 62
18 46 65 94 14 61 13 77 63 29 1 25
19 26 66 74 15 41 95 20 64 9 18 42
20 39 67 87 16 54 15 70 89 25 19 55
21 63 68 14 17 78 16 94 66 46 44 82
37 77 84 28 33 92 32 11 66 23 36 93
30 67 77 18 50 85 25 1 75 50 29 83
4 61 67 49 16 16 15 32 65 81 19 17
54 18 85 29 50 33 49 49 2 1 53 34
43 10 74 21 39 25 38 41 88 90 42 26
82 94 32 45 62 72 77 28 30 77 81 13
69 44 19 92 65 59 48 38 17 27 68 60
77 95 27 46 73 13 72 29 25 78 3 17
36 18 10 69 32 33 31 49 81 1 35 34
4 53 75 7 0 68 96 84 49 36 3 69
51 87 1 38 47 5 70 24 96 70 50 6
69 34 19 82 65 49 88 68 17 17 68 50
42 65 8 53 54 20 53 36 6 85 57 21
93 94 27 8 89 12 88 28 41 77 92 13
7 80 54 31 3 95 2 14 76 66 6 96
73 4 23 52 53 79 68 35 21 84 72 20
25 90 88 78 37 45 36 61 86 13 40 46
21 87 68 38 41 8 16 21 66 70 20 6
18 62 65 13 38 80 13 93 63 45 17 78
60 59 34 13 56 74 55 90 8 42 59 75
85 60 35 11 8 78 80 91 33 43 84 76
36 39 59 84 8 51 7 67 57 19 11 52
73 49 23 0 69 64 68 80 21 32 96 68
7 66 54 17 3 81 2 0 76 52 6 82
69 31 19 79 89 49 64 62 17 14 68 47
36 77 83 28 32 92 31 11 8 63 35 93
79 78 29 29 75 93 74 12 27 61 5 0
82 78 32 29 62 56 77 12 30 61 81 94
96 24 46 72 19 42 91 55 44 7 95 40
80 14 30 62 76 29 75 45 52 0 79 30
68 31 91 76 40 43 39 59 89 11 43 44
16 41 63 89 12 56 35 75 61 24 15 57
23 60 46 8 92 72 91 88 44 40 95 73
93 30 43 78 89 45 88 61 65 16 92 46
15 20 62 68 11 35 10 51 60 3 38 39
29 49 76 0 9 27 24 80 74 32 28 65
21 42 84 30 33 94 32 13 82 62 36 95
63 91 13 42 83 12 58 25 11 74 62 10
47 36 21 87 43 51 42 67 92 19 46 52
23 45 86 33 35 0 34 16 84 65 38 1
81 82 31 33 77 0 3 19 29 65 80 1
88 5 38 53 84 20 83 36 36 85 71 81
89 20 15 65 61 32 60 48 13 0 64 33
74 75 24 26 70 90 53 69 22 58 73 91
11 34 82 85 7 49 6 65 56 17 10 50
13 30 84 81 9 45 8 61 58 13 12 46
89 46 63 0 85 61 84 77 37 29 88 62
22 6 69 54 2 81 17 37 67 86 21 22
4 3 67 88 16 55 15 71 65 23 19 56
67 30 41 81 63 45 62 61 15 13 66 46
28 8 59 19 24 23 23 39 73 88 27 24
54 10 28 61 50 25 49 41 2 90 53 26
64 62 14 13 60 77 83 96 12 45 63 78
7 81 54 32 3 96 2 15 36 27 6 0
45 35 92 83 41 50 40 66 74 78 44 51
19 20 66 68 15 35 14 51 64 3 2 96
69 2 19 50 65 17 64 33 1 45 68 18
8 41 55 89 28 59 3 72 53 24 7 57
67 43 17 91 63 58 86 77 15 26 66 59
89 12 23 23 85 27 84 43 37 92 88 28
12 87 59 38 8 5 7 21 57 70 35 9
59 46 82 91 31 58 30 74 80 26 34 59
82 30 32 78 78 45 61 24 30 13 81 46
57 13 7 61 53 28 52 44 5 93 80 32
30 90 77 41 26 8 49 27 75 73 29 9
72 26 22 74 68 41 67 57 4 69 71 42
1 93 72 47 94 11 93 27 46 76 0 12
91 7 41 55 14 25 86 38 39 87 90 23
78 68 28 19 1 86 73 2 26 51 77 84
82 11 32 59 62 86 77 42 30 91 81 27
16 4 63 52 36 22 11 35 61 84 15 20
18 55 65 6 14 70 37 89 63 38 17 71
6 80 29 28 75 92 74 11 27 60 78 93
81 11 31 59 77 26 76 42 13 54 80 27
74 68 24 19 70 83 69 2 6 14 73 84
83 15 33 63 79 30 78 46 31 95 66 91
38 18 85 66 34 33 17 12 83 1 37 34
7 86 54 37 3 4 83 80 52 69 6 5
40 23 63 68 12 35 11 51 61 3 15 36
64 9 38 60 60 24 59 40 12 89 63 25
23 9 70 57 19 24 18 40 68 89 6 85
7 56 54 7 3 71 2 87 36 2 6 72
64 54 14 5 44 32 59 85 12 37 63 70
41 79 88 30 37 94 60 16 86 62 40 95
36 11 67 22 32 26 31 42 81 91 35 27
67 14 90 59 39 26 38 42 88 91 42 27
15 87 62 38 11 5 10 21 60 70 95 66
58 24 8 72 54 39 53 55 6 7 81 43
12 42 59 90 8 57 7 73 57 25 92 21
11 11 58 59 7 26 6 42 56 91 34 30
35 94 82 45 31 12 30 28 80 77 18 73
67 3 17 51 63 18 62 34 15 83 50 79
96 91 46 42 92 9 91 25 44 74 22 13
42 38 89 86 38 53 37 69 87 21 65 57
75 95
